256.0,256.0,0,0,-1
10,5,17,24,0
11,17,52,24,0
55,20,56,21,0
1025.0,409.0,0,3,0,1
1026.0,409.0,0,3,0,1
1027.0,409.0,0,3,0,1
1028.0,409.0,0,3,0,1
1029.0,409.0,0,3,0,1
1049.0,409.0,0,3,0,1
1069.0,409.0,0,3,0,1
1089.0,409.0,0,3,0,1
1109.0,409.0,0,3,0,1
1109.0,429.0,0,3,0,1
1109.0,449.0,0,3,0,1
1129.0,449.0,0,3,0,1
1129.0,469.0,0,3,0,1
1149.0,469.0,0,3,0,1
1149.0,489.0,0,3,0,1
1169.0,489.0,0,3,0,1
1169.0,509.0,0,3,0,1
1189.0,509.0,0,3,0,1
1189.0,529.0,0,3,0,1
1209.0,529.0,0,3,0,1
1209.0,549.0,0,3,0,1
1229.0,549.0,0,3,0,1
1229.0,569.0,0,3,0,1
1249.0,569.0,0,3,0,1
1249.0,589.0,0,3,0,1
1269.0,589.0,0,3,0,1
1269.0,609.0,0,3,0,1
1289.0,609.0,0,3,0,1
1289.0,629.0,0,3,0,1
1309.0,629.0,0,3,0,1
1309.0,649.0,0,3,0,1
1329.0,649.0,0,3,0,1
1329.0,669.0,0,3,0,1
1349.0,669.0,0,3,0,1
1349.0,689.0,0,3,0,1
1369.0,689.0,0,3,0,1
1369.0,709.0,0,3,0,1
1389.0,709.0,0,3,0,1
1389.0,729.0,0,3,0,1
1409.0,729.0,0,3,0,1
1409.0,749.0,0,3,0,1
1429.0,749.0,0,3,0,1
1429.0,769.0,0,3,0,1
1449.0,769.0,0,3,0,1
1449.0,789.0,0,3,0,1
1469.0,789.0,0,3,0,1
1469.0,809.0,0,3,0,1
1489.0,809.0,0,3,0,1
1489.0,829.0,0,3,0,1
1509.0,829.0,0,3,0,1
1509.0,849.0,0,3,0,1
1529.0,849.0,0,3,0,1
1529.0,869.0,0,3,0,1
1549.0,869.0,0,3,0,1
1549.0,889.0,0,3,0,1
1569.0,889.0,0,3,0,1
1569.0,909.0,0,3,0,1
1589.0,909.0,0,3,0,1
1589.0,929.0,0,3,0,1
1609.0,929.0,0,3,0,1
1609.0,949.0,0,3,0,1
1629.0,949.0,0,3,0,1
1629.0,969.0,0,3,0,1
1649.0,969.0,0,3,0,1
1649.0,989.0,0,3,0,1
1669.0,989.0,0,3,0,1
1669.0,1009.0,0,3,0,1
1689.0,1009.0,0,3,0,1
1689.0,1029.0,0,3,0,1
1709.0,1029.0,0,3,0,1
1709.0,1049.0,0,3,0,1
1729.0,1049.0,0,3,0,1
1729.0,1069.0,0,3,0,1
1749.0,1069.0,0,3,0,1
1749.0,1089.0,0,3,0,1
1769.0,1089.0,0,3,0,1
1769.0,1109.0,0,3,0,1
1789.0,1109.0,0,3,0,1
1789.0,1129.0,0,3,0,1
1809.0,1129.0,0,3,0,1
1809.0,1149.0,0,3,0,1
1829.0,1149.0,0,3,0,1
1829.0,1169.0,0,3,0,1
1849.0,1169.0,0,3,0,1
1849.0,1189.0,0,3,0,1
1869.0,1189.0,0,3,0,1
1869.0,1209.0,0,3,0,1
1889.0,1209.0,0,3,0,1
1889.0,1229.0,0,3,0,1
1909.0,1229.0,0,3,0,1
1909.0,1249.0,0,3,0,1
1929.0,1249.0,0,3,0,1
1929.0,1269.0,0,3,0,1
1949.0,1269.0,0,3,0,1
1949.0,1289.0,0,3,0,1
1969.0,1289.0,0,3,0,1
1969.0,1309.0,0,3,0,1
1969.0,1329.0,0,3,0,1
1387.0,717.0,0,3,0,1
1389.0,717.0,0,3,0,1
1391.0,717.0,0,3,0,1
1391.0,718.0,0,3,0,1
1391.0,719.0,0,3,0,1
1391.0,720.0,0,3,0,1
1391.0,722.0,0,3,0,1
1391.0,721.0,0,3,0,1
1391.0,720.0,0,3,0,1
1391.0,719.0,0,3,0,1
1391.0,718.0,0,3,0,1
1391.0,717.0,0,3,0,1
1391.0,716.0,0,3,0,1
1391.0,715.0,0,3,0,1
1390.0,715.0,0,3,0,1
1686.0,1009.0,0,3,0,1
1685.0,1010.0,0,3,0,1
1684.0,1011.0,0,3,0,1
1684.0,1012.0,0,3,0,1
1684.0,1013.0,0,3,0,1
1684.0,993.0,0,3,0,1
1704.0,993.0,0,3,0,1
1704.0,973.0,0,3,0,1
1724.0,973.0,0,3,0,1
1724.0,953.0,0,3,0,1
1744.0,953.0,0,3,0,1
1744.0,933.0,0,3,0,1
1764.0,933.0,0,3,0,1
1764.0,913.0,0,3,0,1
1784.0,913.0,0,3,0,1
1784.0,893.0,0,3,0,1
1804.0,893.0,0,3,0,1
1804.0,873.0,0,3,0,1
1824.0,873.0,0,3,0,1
1824.0,853.0,0,3,0,1
1844.0,853.0,0,3,0,1
1844.0,833.0,0,3,0,1
1864.0,833.0,0,3,0,1
1864.0,813.0,0,3,0,1
1884.0,813.0,0,3,0,1
1884.0,793.0,0,3,0,1
1904.0,793.0,0,3,0,1
1904.0,773.0,0,3,0,1
1924.0,773.0,0,3,0,1
1924.0,753.0,0,3,0,1
1944.0,753.0,0,3,0,1
1944.0,733.0,0,3,0,1
1964.0,733.0,0,3,0,1
1964.0,713.0,0,3,0,1
1984.0,713.0,0,3,0,1
1984.0,693.0,0,3,0,1
2004.0,693.0,0,3,0,1
2004.0,673.0,0,3,0,1
2024.0,673.0,0,3,0,1
2024.0,653.0,0,3,0,1
2044.0,653.0,0,3,0,1
2044.0,633.0,0,3,0,1
2064.0,633.0,0,3,0,1
2064.0,613.0,0,3,0,1
2084.0,613.0,0,3,0,1
2084.0,593.0,0,3,0,1
2084.0,573.0,0,3,0,1
1835.0,1132.0,0,3,1,1
1835.0,1131.0,0,3,1,1
1834.0,1130.0,0,3,1,1
1832.0,1130.0,0,3,1,1
1829.0,1130.0,0,3,1,1
1825.0,1130.0,0,3,1,1
1819.0,1130.0,0,3,1,1
1813.0,1130.0,0,3,1,1
1809.0,1130.0,0,3,1,1
1801.0,1130.0,0,3,1,1
1794.0,1130.0,0,3,1,1
1785.0,1130.0,0,3,1,1
1776.0,1131.0,0,3,1,1
1767.0,1132.0,0,3,1,1
1758.0,1133.0,0,3,1,1
1747.0,1135.0,0,3,1,1
1740.0,1135.0,0,3,1,1
1733.0,1139.0,0,3,1,1
1726.0,1141.0,0,3,1,1
1719.0,1142.0,0,3,1,1
1715.0,1144.0,0,3,1,1
1712.0,1145.0,0,3,1,1
1711.0,1145.0,0,3,1,1
1710.0,1145.0,0,3,1,1
1711.0,1145.0,0,3,1,1
1711.0,1144.0,0,3,1,1
1713.0,1141.0,0,3,1,1
1716.0,1137.0,0,3,1,1
1723.0,1131.0,0,3,1,1
1729.0,1122.0,0,3,1,1
1736.0,1115.0,0,3,1,1
1741.0,1111.0,0,3,1,1
1748.0,1107.0,0,3,1,1
1757.0,1103.0,0,3,1,1
1764.0,1100.0,0,3,1,1
1771.0,1098.0,0,3,1,1
1779.0,1094.0,0,3,1,1
1786.0,1091.0,0,3,1,1
1797.0,1087.0,0,3,1,1
1806.0,1085.0,0,3,1,1
1813.0,1084.0,0,3,1,1
1820.0,1082.0,0,3,1,1
1828.0,1080.0,0,3,1,1
1833.0,1078.0,0,3,1,1
1837.0,1078.0,0,3,1,1
1842.0,1075.0,0,3,1,1
1845.0,1074.0,0,3,1,1
1847.0,1073.0,0,3,1,1
1850.0,1071.0,0,3,1,1
1852.0,1070.0,0,3,1,1
1853.0,1070.0,0,3,1,1
1854.0,1070.0,0,3,1,1
1855.0,1068.0,0,3,1,1
1856.0,1068.0,0,3,1,1
1857.0,1068.0,0,3,1,1
1857.0,1067.0,0,3,1,1
1856.0,1068.0,0,3,1,1
1854.0,1069.0,0,3,1,1
1850.0,1071.0,0,3,1,1
1847.0,1072.0,0,3,1,1
1845.0,1073.0,0,3,1,1
1842.0,1074.0,0,3,1,1
1838.0,1077.0,0,3,1,1
1834.0,1078.0,0,3,1,1
1829.0,1080.0,0,3,1,1
1822.0,1083.0,0,3,1,1
1818.0,1085.0,0,3,1,1
1811.0,1090.0,0,3,1,1
1808.0,1091.0,0,3,1,1
1803.0,1094.0,0,3,1,1
1799.0,1096.0,0,3,1,1
1793.0,1099.0,0,3,1,1
1788.0,1103.0,0,3,1,1
1782.0,1106.0,0,3,1,1
1780.0,1107.0,0,3,1,1
1777.0,1110.0,0,3,1,1
1775.0,1110.0,0,3,1,1
1772.0,1112.0,0,3,1,1
1770.0,1114.0,0,3,1,1
1768.0,1115.0,0,3,1,1
1763.0,1118.0,0,3,1,1
1761.0,1118.0,0,3,1,1
1758.0,1120.0,0,3,1,1
1754.0,1121.0,0,3,1,1
1752.0,1122.0,0,3,1,1
1750.0,1123.0,0,3,1,1
1748.0,1124.0,0,3,1,1
1746.0,1124.0,0,3,1,1
1744.0,1124.0,0,3,1,1
1743.0,1125.0,0,3,1,1
1742.0,1125.0,0,3,1,1
1741.0,1126.0,0,3,1,1
1738.0,1126.0,0,3,1,1
1736.0,1127.0,0,3,1,1
1734.0,1127.0,0,3,1,1
1733.0,1128.0,0,3,1,1
1732.0,1128.0,0,3,1,1
1731.0,1128.0,0,3,1,1
1730.0,1128.0,0,3,1,1
1730.0,1127.0,0,3,1,1
1730.0,1126.0,0,3,1,1
1730.0,1123.0,0,3,1,1
1732.0,1120.0,0,3,1,1
1735.0,1115.0,0,3,1,1
1737.0,1114.0,0,3,1,1
1739.0,1111.0,0,3,1,1
1742.0,1109.0,0,3,1,1
1745.0,1106.0,0,3,1,1
1750.0,1102.0,0,3,1,1
1756.0,1098.0,0,3,1,1
1758.0,1096.0,0,3,1,1
1761.0,1094.0,0,3,1,1
1765.0,1091.0,0,3,1,1
1767.0,1089.0,0,3,1,1
1770.0,1087.0,0,3,1,1
1772.0,1086.0,0,3,1,1
1775.0,1084.0,0,3,1,1
1776.0,1083.0,0,3,1,1
1777.0,1082.0,0,3,1,1
1778.0,1082.0,0,3,1,1
1779.0,1082.0,0,3,1,1
1780.0,1082.0,0,3,1,1
1781.0,1081.0,0,3,1,1
1782.0,1080.0,0,3,1,1
1784.0,1079.0,0,3,1,1
1786.0,1078.0,0,3,1,1
1788.0,1077.0,0,3,1,1
1790.0,1074.0,0,3,1,1
1792.0,1072.0,0,3,1,1
1795.0,1071.0,0,3,1,1
1796.0,1071.0,0,3,1,1
1797.0,1070.0,0,3,1,1
1798.0,1070.0,0,3,1,1
1799.0,1069.0,0,3,1,1
1800.0,1068.0,0,3,1,1
1801.0,1068.0,0,3,1,1
1802.0,1067.0,0,3,1,1
1804.0,1065.0,0,3,1,1
1804.0,1064.0,0,3,1,1
1805.0,1063.0,0,3,1,1
1806.0,1062.0,0,3,1,1
1806.0,1063.0,0,3,1,1
1804.0,1065.0,0,3,1,1
1803.0,1065.0,0,3,1,1
1802.0,1066.0,0,3,1,1
1801.0,1067.0,0,3,1,1
1797.0,1070.0,0,3,1,1
1795.0,1070.0,0,3,1,1
1794.0,1072.0,0,3,1,1
1790.0,1074.0,0,3,1,1
1787.0,1078.0,0,3,1,1
1784.0,1079.0,0,3,1,1
1782.0,1081.0,0,3,1,1
1782.0,1082.0,0,3,1,1
1779.0,1082.0,0,3,1,1
1777.0,1084.0,0,3,1,1
1776.0,1085.0,0,3,1,1
1775.0,1085.0,0,3,1,1
1773.0,1086.0,0,3,1,1
1773.0,1087.0,0,3,1,1
1771.0,1087.0,0,3,1,1
1769.0,1089.0,0,3,1,1
1768.0,1090.0,0,3,1,1
1765.0,1090.0,0,3,1,1
1764.0,1091.0,0,3,1,1
1763.0,1092.0,0,3,1,1
1761.0,1092.0,0,3,1,1
1760.0,1093.0,0,3,1,1
1758.0,1094.0,0,3,1,1
1756.0,1094.0,0,3,1,1
1755.0,1095.0,0,3,1,1
1754.0,1095.0,0,3,1,1
1753.0,1096.0,0,3,1,1
1752.0,1096.0,0,3,1,1
1752.0,1097.0,0,3,1,1
1750.0,1097.0,0,3,1,1
1749.0,1097.0,0,3,1,1
1748.0,1098.0,0,3,1,1
1747.0,1098.0,0,3,1,1
1745.0,1098.0,0,3,1,1
1745.0,1100.0,0,3,1,1
1742.0,1101.0,0,3,1,1
1742.0,1102.0,0,3,1,1
1741.0,1102.0,0,3,1,1
1740.0,1103.0,0,3,1,1
1739.0,1103.0,0,3,1,1
1739.0,1102.0,0,3,1,1
1741.0,1100.0,0,3,1,1
1743.0,1098.0,0,3,1,1
1746.0,1097.0,0,3,1,1
1748.0,1097.0,0,3,1,1
1750.0,1095.0,0,3,1,1
1753.0,1093.0,0,3,1,1
1756.0,1092.0,0,3,1,1
1757.0,1091.0,0,3,1,1
1760.0,1088.0,0,3,1,1
1763.0,1087.0,0,3,1,1
1765.0,1085.0,0,3,1,1
1767.0,1084.0,0,3,1,1
1773.0,1080.0,0,3,1,1
1778.0,1075.0,0,3,1,1
1781.0,1072.0,0,3,1,1
1783.0,1069.0,0,3,1,1
1784.0,1068.0,0,3,1,1
1786.0,1066.0,0,3,1,1
1787.0,1065.0,0,3,1,1
1789.0,1063.0,0,3,1,1
1790.0,1063.0,0,3,1,1
1791.0,1063.0,0,3,1,1
1792.0,1062.0,0,3,1,1
1793.0,1062.0,0,3,1,1
1793.0,1060.0,0,3,1,1
1793.0,1061.0,0,3,1,1
1792.0,1063.0,0,3,1,1
1791.0,1065.0,0,3,1,1
1790.0,1066.0,0,3,1,1
1789.0,1068.0,0,3,1,1
1788.0,1072.0,0,3,1,1
1785.0,1074.0,0,3,1,1
1784.0,1076.0,0,3,1,1
1781.0,1079.0,0,3,1,1
1780.0,1081.0,0,3,1,1
1777.0,1086.0,0,3,1,1
1776.0,1087.0,0,3,1,1
1775.0,1089.0,0,3,1,1
1771.0,1091.0,0,3,1,1
1770.0,1092.0,0,3,1,1
1768.0,1094.0,0,3,1,1
1767.0,1096.0,0,3,1,1
1766.0,1096.0,0,3,1,1
1763.0,1097.0,0,3,1,1
1762.0,1099.0,0,3,1,1
1760.0,1100.0,0,3,1,1
1757.0,1101.0,0,3,1,1
1756.0,1101.0,0,3,1,1
1754.0,1103.0,0,3,1,1
1753.0,1103.0,0,3,1,1
1752.0,1103.0,0,3,1,1
1751.0,1103.0,0,3,1,1
1749.0,1104.0,0,3,1,1
1748.0,1104.0,0,3,1,1
1747.0,1105.0,0,3,1,1
1746.0,1105.0,0,3,1,1
1745.0,1105.0,0,3,1,1
1743.0,1106.0,0,3,1,1
1741.0,1107.0,0,3,1,1
1740.0,1107.0,0,3,1,1
1739.0,1107.0,0,3,1,1
1739.0,1108.0,0,3,1,1
1738.0,1109.0,0,3,1,1
1737.0,1110.0,0,3,1,1
1737.0,1111.0,0,3,1,1
1737.0,1112.0,0,3,1,1
1737.0,1113.0,0,3,1,1
1737.0,1114.0,0,3,1,1
1737.0,1115.0,0,3,1,1
1737.0,1117.0,0,3,1,1
1738.0,1119.0,0,3,1,1
1740.0,1121.0,0,3,1,1
1742.0,1122.0,0,3,1,1
1744.0,1124.0,0,3,1,1
1748.0,1126.0,0,3,1,1
1750.0,1127.0,0,3,1,1
1755.0,1129.0,0,3,1,1
1759.0,1131.0,0,3,1,1
1763.0,1133.0,0,3,1,1
1766.0,1135.0,0,3,1,1
1775.0,1137.0,0,3,1,1
1781.0,1140.0,0,3,1,1
1789.0,1142.0,0,3,1,1
1798.0,1145.0,0,3,1,1
1806.0,1148.0,0,3,1,1
1814.0,1150.0,0,3,1,1
1825.0,1153.0,0,3,1,1
1833.0,1155.0,0,3,1,1
1842.0,1157.0,0,3,1,1
1852.0,1160.0,0,3,1,1
1864.0,1162.0,0,3,1,1
1874.0,1164.0,0,3,1,1
1882.0,1165.0,0,3,1,1
1893.0,1166.0,0,3,1,1
1902.0,1168.0,0,3,1,1
1910.0,1169.0,0,3,1,1
1917.0,1173.0,0,3,1,1
1926.0,1174.0,0,3,1,1
1930.0,1175.0,0,3,1,1
1935.0,1175.0,0,3,1,1
1938.0,1177.0,0,3,1,1
1940.0,1178.0,0,3,1,1
1941.0,1178.0,0,3,1,1
1943.0,1179.0,0,3,1,1
1943.0,1180.0,0,3,1,1
1943.0,1182.0,0,3,1,1
1942.0,1186.0,0,3,1,1
1938.0,1191.0,0,3,1,1
1933.0,1197.0,0,3,1,1
1927.0,1205.0,0,3,1,1
1920.0,1211.0,0,3,1,1
1909.0,1223.0,0,3,1,1
1899.0,1231.0,0,3,1,1
1879.0,1247.0,0,3,1,1
1863.0,1257.0,0,3,1,1
1845.0,1271.0,0,3,1,1
1828.0,1283.0,0,3,1,1
1814.0,1291.0,0,3,1,1
1804.0,1296.0,0,3,1,1
1791.0,1302.0,0,3,1,1
1783.0,1304.0,0,3,1,1
1781.0,1304.0,0,3,1,1
1780.0,1304.0,0,3,1,1
1782.0,1297.0,0,3,1,1
1788.0,1286.0,0,3,1,1
1800.0,1268.0,0,3,1,1
1812.0,1253.0,0,3,1,1
1826.0,1234.0,0,3,1,1
1834.0,1222.0,0,3,1,1
1844.0,1212.0,0,3,1,1
1851.0,1202.0,0,3,1,1
1857.0,1197.0,0,3,1,1
1865.0,1192.0,0,3,1,1
1873.0,1187.0,0,3,1,1
1883.0,1182.0,0,3,1,1
1892.0,1179.0,0,3,1,1
1899.0,1176.0,0,3,1,1
1905.0,1175.0,0,3,1,1
1915.0,1173.0,0,3,1,1
1919.0,1173.0,0,3,1,1
1923.0,1173.0,0,3,1,1
1926.0,1173.0,0,3,1,1
1930.0,1173.0,0,3,1,1
1933.0,1173.0,0,3,1,1
1935.0,1173.0,0,3,1,1
1937.0,1173.0,0,3,1,1
1937.0,1174.0,0,3,1,1
1938.0,1176.0,0,3,1,1
1938.0,1178.0,0,3,1,1
1938.0,1181.0,0,3,1,1
1938.0,1185.0,0,3,1,1
1938.0,1187.0,0,3,1,1
1936.0,1190.0,0,3,1,1
1932.0,1193.0,0,3,1,1
1930.0,1197.0,0,3,1,1
1927.0,1198.0,0,3,1,1
1921.0,1202.0,0,3,1,1
1915.0,1205.0,0,3,1,1
1905.0,1210.0,0,3,1,1
1896.0,1216.0,0,3,1,1
1886.0,1222.0,0,3,1,1
1877.0,1228.0,0,3,1,1
1867.0,1236.0,0,3,1,1
1858.0,1243.0,0,3,1,1
1850.0,1250.0,0,3,1,1
1843.0,1257.0,0,3,1,1
1840.0,1261.0,0,3,1,1
1838.0,1262.0,0,3,1,1
1839.0,1262.0,0,3,1,1
1845.0,1262.0,0,3,1,1
1854.0,1262.0,0,3,1,1
1868.0,1262.0,0,3,1,1
1885.0,1262.0,0,3,1,1
1900.0,1261.0,0,3,1,1
1927.0,1256.0,0,3,1,1
1948.0,1253.0,0,3,1,1
1967.0,1251.0,0,3,1,1
1986.0,1247.0,0,3,1,1
2007.0,1244.0,0,3,1,1
2019.0,1241.0,0,3,1,1
2030.0,1238.0,0,3,1,1
2041.0,1235.0,0,3,1,1
2051.0,1232.0,0,3,1,1
2056.0,1229.0,0,3,1,1
2058.0,1227.0,0,3,1,1
2060.0,1227.0,0,3,1,1
2060.0,1226.0,0,3,1,1
2058.0,1229.0,0,3,1,1
2055.0,1231.0,0,3,1,1
2050.0,1237.0,0,3,1,1
2045.0,1242.0,0,3,1,1
2039.0,1250.0,0,3,1,1
2028.0,1260.0,0,3,1,1
2019.0,1271.0,0,3,1,1
2010.0,1280.0,0,3,1,1
1998.0,1292.0,0,3,1,1
1987.0,1301.0,0,3,1,1
1977.0,1311.0,0,3,1,1
1969.0,1317.0,0,3,1,1
1960.0,1326.0,0,3,1,1
1954.0,1331.0,0,3,1,1
1950.0,1335.0,0,3,1,1
1946.0,1340.0,0,3,1,1
1944.0,1343.0,0,3,1,1
1941.0,1346.0,0,3,1,1
1940.0,1347.0,0,3,1,1
1943.0,1347.0,0,3,1,1
1945.0,1347.0,0,3,1,1
1947.0,1347.0,0,3,1,1
1950.0,1347.0,0,3,1,1
1954.0,1347.0,0,3,1,1
1957.0,1347.0,0,3,1,1
1962.0,1347.0,0,3,1,1
1967.0,1347.0,0,3,1,1
1971.0,1347.0,0,3,1,1
1974.0,1348.0,0,3,1,1
1977.0,1349.0,0,3,1,1
1981.0,1352.0,0,3,1,1
1985.0,1356.0,0,3,1,1
1988.0,1357.0,0,3,1,1
1990.0,1359.0,0,3,1,1
1992.0,1360.0,0,3,1,1
1993.0,1361.0,0,3,1,1
1994.0,1361.0,0,3,1,1
2079.0,521.0,0,3,1,1
2079.0,523.0,0,3,1,1
2079.0,525.0,0,3,1,1
2081.0,526.0,0,3,1,1
2083.0,528.0,0,3,1,1
2088.0,530.0,0,3,1,1
2091.0,531.0,0,3,1,1
2094.0,531.0,0,3,1,1
2100.0,532.0,0,3,1,1
2103.0,534.0,0,3,1,1
2106.0,535.0,0,3,1,1
2109.0,535.0,0,3,1,1
2110.0,535.0,0,3,1,1
2111.0,536.0,0,3,1,1
2084.0,607.0,0,3,0,1
2084.0,606.0,0,3,0,1
2084.0,605.0,0,3,0,1
2085.0,605.0,0,3,0,1
2085.0,604.0,0,3,0,1
2085.0,603.0,0,3,0,1
2085.0,602.0,0,3,0,1
2085.0,601.0,0,3,0,1
2085.0,600.0,0,3,0,1
2086.0,599.0,0,3,0,1
2086.0,598.0,0,3,0,1
2086.0,596.0,0,3,0,1
2087.0,596.0,0,3,0,1
2087.0,595.0,0,3,0,1
2087.0,594.0,0,3,0,1
2088.0,593.0,0,3,0,1
2089.0,592.0,0,3,0,1
2089.0,591.0,0,3,0,1
2090.0,590.0,0,3,0,1
2090.0,589.0,0,3,0,1
2090.0,588.0,0,3,0,1
2092.0,586.0,0,3,0,1
2112.0,586.0,0,3,0,1
2132.0,586.0,0,3,0,1
2152.0,586.0,0,3,0,1
2172.0,586.0,0,3,0,1
2192.0,586.0,0,3,0,1
2212.0,586.0,0,3,0,1
2232.0,586.0,0,3,0,1
2252.0,586.0,0,3,0,1
2272.0,586.0,0,3,0,1
2292.0,586.0,0,3,0,1
2312.0,586.0,0,3,0,1
116,24,130,32,0
122,30,0,0,5
129,24,131,33,1
128,23,130,34,1
127,27,138,32,0
138,24,157,39,0
138,39,157,40,0
138,39,157,40,2
156,27,168,32,0
168,24,187,39,0
167,23,167,24,3
168,23,187,40,3
168,24,187,39,0
187,27,202,32,0
166,30,0,0,5
201,27,220,32,0
4399.0,669.0,0,6,0,1
4398.0,671.0,0,6,0,1
4398.0,691.0,0,6,0,1
4398.0,711.0,0,6,0,1
4398.0,731.0,0,6,0,1
4398.0,751.0,0,6,0,1
4398.0,771.0,0,6,0,1
4398.0,791.0,0,6,0,1
4398.0,811.0,0,6,0,1
4398.0,831.0,0,6,0,1
4398.0,851.0,0,6,0,1
4398.0,871.0,0,6,0,1
4398.0,891.0,0,6,0,1
4398.0,911.0,0,6,0,1
4398.0,931.0,0,6,0,1
4398.0,951.0,0,6,0,1
4398.0,971.0,0,6,0,1
4398.0,991.0,0,6,0,1
4398.0,971.0,0,6,0,1
4398.0,951.0,0,6,0,1
4398.0,931.0,0,6,0,1
4398.0,911.0,0,6,0,1
4398.0,891.0,0,6,0,1
4398.0,871.0,0,6,0,1
4398.0,851.0,0,6,0,1
4398.0,831.0,0,6,0,1
4398.0,811.0,0,6,0,1
4398.0,791.0,0,6,0,1
4398.0,771.0,0,6,0,1
4398.0,751.0,0,6,0,1
4398.0,731.0,0,6,0,1
4398.0,711.0,0,6,0,1
4398.0,731.0,0,6,0,1
4398.0,751.0,0,6,0,1
4398.0,771.0,0,6,0,1
4398.0,791.0,0,6,0,1
4398.0,811.0,0,6,0,1
4398.0,831.0,0,6,0,1
4398.0,851.0,0,6,0,1
4398.0,871.0,0,6,0,1
4398.0,891.0,0,6,0,1
4398.0,911.0,0,6,0,1
4398.0,931.0,0,6,0,1
4398.0,951.0,0,6,0,1
4398.0,971.0,0,6,0,1
4398.0,991.0,0,6,0,1
4398.0,1011.0,0,6,0,1
4398.0,1031.0,0,6,0,1
4398.0,1051.0,0,6,0,1
4398.0,1071.0,0,6,0,1
4398.0,1091.0,0,6,0,1
4398.0,1111.0,0,6,0,1
4398.0,1131.0,0,6,0,1
4398.0,1151.0,0,6,0,1
4398.0,1171.0,0,6,0,1
4398.0,1191.0,0,6,0,1
4398.0,1211.0,0,6,0,1
4398.0,1231.0,0,6,0,1
4398.0,1251.0,0,6,0,1
4398.0,1271.0,0,6,0,1
4398.0,1291.0,0,6,0,1
4398.0,1311.0,0,6,0,1
4398.0,1331.0,0,6,0,1
4398.0,1351.0,0,6,0,1
4398.0,1371.0,0,6,0,1
4398.0,1391.0,0,6,0,1
4398.0,1411.0,0,6,0,1
4398.0,1431.0,0,6,0,1
4398.0,1451.0,0,6,0,1
4398.0,1471.0,0,6,0,1
4398.0,1491.0,0,6,0,1
4398.0,1511.0,0,6,0,1
4398.0,1531.0,0,6,0,1
4398.0,1551.0,0,6,0,1
4398.0,1571.0,0,6,0,1
4398.0,1591.0,0,6,0,1
4398.0,1611.0,0,6,0,1
4398.0,1631.0,0,6,0,1
4398.0,1651.0,0,6,0,1
4398.0,1671.0,0,6,0,1
4398.0,1691.0,0,6,0,1
4398.0,1711.0,0,6,0,1
4398.0,1731.0,0,6,0,1
4398.0,1751.0,0,6,0,1
4398.0,1771.0,0,6,0,1
4398.0,1791.0,0,6,0,1
4398.0,1811.0,0,6,0,1
4398.0,1831.0,0,6,0,1
4398.0,1851.0,0,6,0,1
4398.0,1871.0,0,6,0,1
4398.0,1891.0,0,6,0,1
4398.0,1911.0,0,6,0,1
4398.0,1931.0,0,6,0,1
4398.0,1951.0,0,6,0,1
4398.0,1971.0,0,6,0,1
4398.0,1991.0,0,6,0,1
4398.0,2011.0,0,6,0,1
4398.0,2031.0,0,6,0,1
4398.0,2051.0,0,6,0,1
4398.0,2071.0,0,6,0,1
4398.0,2091.0,0,6,0,1
4398.0,2111.0,0,6,0,1
4398.0,2131.0,0,6,0,1
4398.0,2151.0,0,6,0,1
4398.0,2171.0,0,6,0,1
4398.0,2191.0,0,6,0,1
4398.0,2211.0,0,6,0,1
4398.0,2231.0,0,6,0,1
4398.0,2251.0,0,6,0,1
4398.0,2271.0,0,6,0,1
4398.0,2291.0,0,6,0,1
4398.0,2311.0,0,6,0,1
4398.0,2331.0,0,6,0,1
4398.0,2351.0,0,6,0,1
4398.0,2371.0,0,6,0,1
4398.0,2391.0,0,6,0,1
4398.0,2411.0,0,6,0,1
4398.0,2431.0,0,6,0,1
4398.0,2451.0,0,6,0,1
4398.0,2471.0,0,6,0,1
4398.0,2491.0,0,6,0,1
4398.0,2511.0,0,6,0,1
4398.0,2531.0,0,6,0,1
4398.0,2551.0,0,6,0,1
4398.0,2571.0,0,6,0,1
4398.0,2591.0,0,6,0,1
4398.0,2611.0,0,6,0,1
4398.0,2631.0,0,6,0,1
4398.0,2651.0,0,6,0,1
4398.0,2671.0,0,6,0,1
4398.0,2691.0,0,6,0,1
4398.0,2711.0,0,6,0,1
4398.0,2731.0,0,6,0,1
4398.0,2751.0,0,6,0,1
4398.0,2771.0,0,6,0,1
4398.0,2791.0,0,6,0,1
4398.0,2811.0,0,6,0,1
4398.0,2831.0,0,6,0,1
4398.0,2851.0,0,6,0,1
4398.0,2871.0,0,6,0,1
4398.0,2891.0,0,6,0,1
4398.0,2911.0,0,6,0,1
4398.0,2931.0,0,6,0,1
4398.0,2951.0,0,6,0,1
4398.0,2971.0,0,6,0,1
4398.0,2991.0,0,6,0,1
4398.0,3011.0,0,6,0,1
4398.0,3031.0,0,6,0,1
4398.0,3051.0,0,6,0,1
4398.0,3071.0,0,6,0,1
4398.0,3091.0,0,6,0,1
4398.0,3111.0,0,6,0,1
4398.0,3131.0,0,6,0,1
4398.0,3151.0,0,6,0,1
4398.0,3171.0,0,6,0,1
4398.0,3191.0,0,6,0,1
4398.0,3211.0,0,6,0,1
4398.0,3231.0,0,6,0,1
4398.0,3251.0,0,6,0,1
4398.0,3271.0,0,6,0,1
4398.0,3291.0,0,6,0,1
4398.0,3311.0,0,6,0,1
4398.0,3331.0,0,6,0,1
4398.0,3351.0,0,6,0,1
4398.0,3371.0,0,6,0,1
4398.0,3391.0,0,6,0,1
4398.0,3411.0,0,6,0,1
4398.0,3431.0,0,6,0,1
4398.0,3451.0,0,6,0,1
4398.0,3471.0,0,6,0,1
4398.0,3491.0,0,6,0,1
4398.0,3511.0,0,6,0,1
4398.0,3531.0,0,6,0,1
4398.0,3551.0,0,6,0,1
4398.0,3571.0,0,6,0,1
4398.0,3591.0,0,6,0,1
4398.0,3611.0,0,6,0,1
4398.0,3631.0,0,6,0,1
4398.0,3651.0,0,6,0,1
4398.0,3671.0,0,6,0,1
4398.0,3691.0,0,6,0,1
4398.0,3711.0,0,6,0,1
4398.0,3731.0,0,6,0,1
4398.0,3751.0,0,6,0,1
4398.0,3771.0,0,6,0,1
4398.0,3791.0,0,6,0,1
4398.0,3811.0,0,6,0,1
4398.0,3831.0,0,6,0,1
4398.0,3851.0,0,6,0,1
4398.0,3871.0,0,6,0,1
4398.0,3891.0,0,6,0,1
4398.0,3911.0,0,6,0,1
4398.0,3931.0,0,6,0,1
4398.0,3951.0,0,6,0,1
4398.0,3971.0,0,6,0,1
4398.0,3991.0,0,6,0,1
4398.0,4011.0,0,6,0,1
4398.0,4031.0,0,6,0,1
4398.0,4051.0,0,6,0,1
4398.0,4071.0,0,6,0,1
4398.0,4091.0,0,6,0,1
4398.0,4111.0,0,6,0,1
4398.0,4131.0,0,6,0,1
4398.0,4151.0,0,6,0,1
4398.0,4171.0,0,6,0,1
4398.0,4191.0,0,6,0,1
4398.0,4211.0,0,6,0,1
4398.0,4231.0,0,6,0,1
4398.0,4251.0,0,6,0,1
4398.0,4271.0,0,6,0,1
4398.0,4291.0,0,6,0,1
4398.0,4311.0,0,6,0,1
4398.0,4331.0,0,6,0,1
4398.0,4351.0,0,6,0,1
4398.0,4371.0,0,6,0,1
4398.0,4391.0,0,6,0,1
4398.0,4411.0,0,6,0,1
4398.0,4431.0,0,6,0,1
4398.0,4451.0,0,6,0,1
4398.0,4471.0,0,6,0,1
4398.0,4491.0,0,6,0,1
4398.0,4511.0,0,6,0,1
4398.0,4531.0,0,6,0,1
4398.0,4551.0,0,6,0,1
4398.0,4571.0,0,6,0,1
4398.0,4591.0,0,6,0,1
4398.0,4611.0,0,6,0,1
4398.0,4631.0,0,6,0,1
4398.0,4651.0,0,6,0,1
4398.0,4671.0,0,6,0,1
4398.0,4691.0,0,6,0,1
4398.0,4711.0,0,6,0,1
4398.0,4731.0,0,6,0,1
4398.0,4751.0,0,6,0,1
4398.0,4771.0,0,6,0,1
4398.0,4791.0,0,6,0,1
4398.0,4811.0,0,6,0,1
4398.0,4831.0,0,6,0,1
4398.0,4851.0,0,6,0,1
4398.0,4871.0,0,6,0,1
4398.0,4891.0,0,6,0,1
219,22,220,23,0
219,35,220,36,0
4396.0,712.0,0,6,0,1
4396.0,711.0,0,6,0,1
4396.0,710.0,0,6,0,1
4396.0,709.0,0,6,0,1
4396.0,708.0,0,6,0,1
4395.0,707.0,0,6,0,1
4395.0,706.0,0,6,0,1
4394.0,706.0,0,6,0,1
4394.0,705.0,0,6,0,1
4394.0,704.0,0,6,0,1
4394.0,703.0,0,6,0,1
4394.0,683.0,0,6,0,1
4394.0,663.0,0,6,0,1
4394.0,643.0,0,6,0,1
4394.0,623.0,0,6,0,1
4394.0,603.0,0,6,0,1
4394.0,583.0,0,6,0,1
4394.0,563.0,0,6,0,1
4394.0,543.0,0,6,0,1
4394.0,523.0,0,6,0,1
4394.0,503.0,0,6,0,1
4394.0,483.0,0,6,0,1
4394.0,463.0,0,6,0,1
4394.0,443.0,0,6,0,1
4394.0,423.0,0,6,0,1
4394.0,403.0,0,6,0,1
4394.0,383.0,0,6,0,1
4394.0,363.0,0,6,0,1
4394.0,343.0,0,6,0,1
4394.0,323.0,0,6,0,1
4394.0,303.0,0,6,0,1
4394.0,283.0,0,6,0,1
4394.0,263.0,0,6,0,1
4394.0,243.0,0,6,0,1
4394.0,223.0,0,6,0,1
4394.0,203.0,0,6,0,1
4394.0,183.0,0,6,0,1
4394.0,163.0,0,6,0,1
4394.0,143.0,0,6,0,1
4394.0,123.0,0,6,0,1
214,0,227,2,1
212,1,227,4,1
200,4,214,9,0
200,8,208,32,0
208,26,214,36,1
211,6,0,0,5
212,7,0,0,5
211,6,0,0,6
214,243,246,250,0
236,229,245,249,0
240,229,246,247,0
236,213,245,230,0
237,213,246,229,0
237,198,245,218,0
235,222,235,237,0
235,213,236,243,0
235,213,236,242,3
235,242,236,243,3
246,213,247,242,3
246,242,247,243,3
246,243,247,244,3
246,244,247,245,3
246,243,247,244,1
246,244,247,245,1
236,198,246,213,0
243,204,254,209,0
236,197,246,198,2
246,197,247,204,3
235,197,236,213,3
246,209,246,213,3
246,209,247,213,3
246,209,246,209,1
246,203,247,204,1
246,202,247,203,1
246,210,247,211,1
246,209,247,210,1
250,193,253,204,0
250,193,254,205,0
238,191,253,194,0
235,191,254,195,0
0,0,0,0,-3
237,193,0,0,7
0,0,0,0,-2
13,7,0,0,4
52,23,53,24,0
52,17,53,18,0
53,17,54,18,0
57,19,58,20,1
56,18,57,19,1
54,17,55,18,0
11,27,11,31,0
12,27,12,31,0
253,190,254,210,1
249,194,250,205,0
13,7,0,0,-2
247,206,0,0,4
252,191,254,209,1
247,206,0,0,-2
13,8,0,0,4
512.0,512.0,0,0,-1
214,243,225,260,0
4389.0,5093.0,0,5,0,1
4389.0,5094.0,0,5,0,1
4389.0,5095.0,0,5,0,1
4389.0,5096.0,0,5,0,1
4389.0,5097.0,0,5,0,1
4389.0,5099.0,0,5,0,1
4388.0,5100.0,0,5,0,1
4388.0,5101.0,0,5,0,1
4388.0,5102.0,0,5,0,1
4387.0,5103.0,0,5,0,1
4387.0,5104.0,0,5,0,1
4387.0,5105.0,0,5,0,1
4386.0,5106.0,0,5,0,1
4386.0,5107.0,0,5,0,1
4386.0,5109.0,0,5,0,1
4386.0,5110.0,0,5,0,1
4386.0,5111.0,0,5,0,1
4386.0,5112.0,0,5,0,1
4386.0,5113.0,0,5,0,1
4387.0,5114.0,0,5,0,1
4388.0,5114.0,0,5,0,1
4389.0,5114.0,0,5,0,1
4390.0,5115.0,0,5,0,1
4391.0,5116.0,0,5,0,1
4391.0,5136.0,0,5,0,1
4391.0,5156.0,0,5,0,1
4391.0,5157.0,0,5,0,1
4391.0,5177.0,0,5,0,1
4391.0,5197.0,0,5,0,1
4391.0,5217.0,0,5,0,1
4391.0,5237.0,0,5,0,1
4391.0,5257.0,0,5,0,1
4391.0,5277.0,0,5,0,1
4391.0,5297.0,0,5,0,1
4391.0,5317.0,0,5,0,1
4391.0,5337.0,0,5,0,1
4391.0,5357.0,0,5,0,1
4391.0,5058.0,0,6,0,1
4390.0,5059.0,0,6,0,1
4389.0,5060.0,0,6,0,1
4389.0,5061.0,0,6,0,1
4389.0,5063.0,0,6,0,1
4389.0,5083.0,0,6,0,1
4389.0,5103.0,0,6,0,1
4389.0,5123.0,0,6,0,1
4389.0,5143.0,0,6,0,1
4389.0,5163.0,0,6,0,1
4389.0,5183.0,0,6,0,1
4389.0,5203.0,0,6,0,1
4389.0,5223.0,0,6,0,1
4389.0,5243.0,0,6,0,1
4389.0,5263.0,0,6,0,1
4389.0,5283.0,0,6,0,1
4389.0,5303.0,0,6,0,1
4389.0,5323.0,0,6,0,1
4389.0,5343.0,0,6,0,1
4389.0,5363.0,0,6,0,1
4389.0,5383.0,0,6,0,1
4389.0,5403.0,0,6,0,1
4389.0,5423.0,0,6,0,1
4389.0,5443.0,0,6,0,1
4389.0,5463.0,0,6,0,1
4389.0,5483.0,0,6,0,1
4389.0,5503.0,0,6,0,1
4389.0,5523.0,0,6,0,1
4389.0,5543.0,0,6,0,1
4389.0,5563.0,0,6,0,1
4389.0,5583.0,0,6,0,1
4389.0,5603.0,0,6,0,1
4389.0,5623.0,0,6,0,1
4389.0,5643.0,0,6,0,1
4389.0,5663.0,0,6,0,1
4389.0,5683.0,0,6,0,1
4389.0,5703.0,0,6,0,1
4389.0,5723.0,0,6,0,1
4389.0,5743.0,0,6,0,1
4389.0,5763.0,0,6,0,1
4389.0,5783.0,0,6,0,1
4389.0,5803.0,0,6,0,1
4389.0,5823.0,0,6,0,1
4389.0,5843.0,0,6,0,1
4389.0,5863.0,0,6,0,1
4389.0,5883.0,0,6,0,1
4389.0,5903.0,0,6,0,1
4389.0,5923.0,0,6,0,1
4389.0,5943.0,0,6,0,1
4389.0,5963.0,0,6,0,1
4389.0,5983.0,0,6,0,1
4389.0,6003.0,0,6,0,1
4389.0,6023.0,0,6,0,1
4389.0,6043.0,0,6,0,1
4389.0,6063.0,0,6,0,1
4389.0,6083.0,0,6,0,1
4389.0,6103.0,0,6,0,1
4389.0,6123.0,0,6,0,1
4389.0,6143.0,0,6,0,1
4389.0,6163.0,0,6,0,1
4389.0,6183.0,0,6,0,1
4389.0,6203.0,0,6,0,1
4389.0,6223.0,0,6,0,1
4389.0,6243.0,0,6,0,1
4389.0,6263.0,0,6,0,1
4389.0,6283.0,0,6,0,1
4389.0,6303.0,0,6,0,1
4389.0,6323.0,0,6,0,1
4389.0,6343.0,0,6,0,1
4389.0,6363.0,0,6,0,1
4389.0,6383.0,0,6,0,1
4389.0,6403.0,0,6,0,1
4389.0,6423.0,0,6,0,1
4389.0,6443.0,0,6,0,1
4389.0,6463.0,0,6,0,1
4389.0,6483.0,0,6,0,1
4389.0,6503.0,0,6,0,1
4389.0,6523.0,0,6,0,1
4389.0,6543.0,0,6,0,1
4389.0,6563.0,0,6,0,1
4389.0,6583.0,0,6,0,1
4389.0,6603.0,0,6,0,1
4389.0,6623.0,0,6,0,1
4389.0,6643.0,0,6,0,1
4389.0,6663.0,0,6,0,1
4389.0,6683.0,0,6,0,1
4389.0,6703.0,0,6,0,1
4389.0,6723.0,0,6,0,1
4389.0,6743.0,0,6,0,1
4389.0,6763.0,0,6,0,1
4389.0,6783.0,0,6,0,1
4389.0,6803.0,0,6,0,1
4389.0,6823.0,0,6,0,1
4389.0,6843.0,0,6,0,1
4389.0,6863.0,0,6,0,1
4389.0,6883.0,0,6,0,1
4389.0,6903.0,0,6,0,1
4389.0,6923.0,0,6,0,1
4389.0,6943.0,0,6,0,1
4389.0,6963.0,0,6,0,1
4389.0,6983.0,0,6,0,1
4389.0,7003.0,0,6,0,1
4389.0,7023.0,0,6,0,1
4389.0,7043.0,0,6,0,1
4389.0,7063.0,0,6,0,1
4389.0,7083.0,0,6,0,1
4389.0,7103.0,0,6,0,1
4389.0,7123.0,0,6,0,1
4389.0,7143.0,0,6,0,1
4389.0,7163.0,0,6,0,1
4389.0,7183.0,0,6,0,1
4389.0,7203.0,0,6,0,1
4389.0,7223.0,0,6,0,1
4389.0,7243.0,0,6,0,1
4389.0,7263.0,0,6,0,1
4389.0,7283.0,0,6,0,1
4389.0,7303.0,0,6,0,1
4389.0,7323.0,0,6,0,1
4389.0,7343.0,0,6,0,1
4389.0,7363.0,0,6,0,1
4389.0,7383.0,0,6,0,1
4389.0,7403.0,0,6,0,1
4389.0,7423.0,0,6,0,1
4389.0,7443.0,0,6,0,1
4389.0,7463.0,0,6,0,1
4389.0,7483.0,0,6,0,1
4389.0,7503.0,0,6,0,1
4389.0,7523.0,0,6,0,1
4389.0,7543.0,0,6,0,1
4389.0,7563.0,0,6,0,1
4389.0,7583.0,0,6,0,1
4389.0,7603.0,0,6,0,1
4389.0,7623.0,0,6,0,1
4389.0,7643.0,0,6,0,1
4389.0,7663.0,0,6,0,1
4389.0,7683.0,0,6,0,1
4389.0,7703.0,0,6,0,1
4389.0,7723.0,0,6,0,1
4389.0,7743.0,0,6,0,1
4389.0,7763.0,0,6,0,1
4389.0,7783.0,0,6,0,1
4389.0,7803.0,0,6,0,1
4389.0,7823.0,0,6,0,1
4389.0,7843.0,0,6,0,1
4389.0,7863.0,0,6,0,1
4389.0,7883.0,0,6,0,1
4389.0,7903.0,0,6,0,1
4389.0,7923.0,0,6,0,1
4389.0,7943.0,0,6,0,1
4389.0,7963.0,0,6,0,1
4389.0,7983.0,0,6,0,1
4389.0,8003.0,0,6,0,1
4389.0,8023.0,0,6,0,1
4389.0,8043.0,0,6,0,1
4389.0,8063.0,0,6,0,1
4389.0,8083.0,0,6,0,1
4389.0,8103.0,0,6,0,1
4389.0,8123.0,0,6,0,1
4389.0,8143.0,0,6,0,1
4389.0,8163.0,0,6,0,1
4389.0,8183.0,0,6,0,1
4389.0,8203.0,0,6,0,1
4389.0,8223.0,0,6,0,1
4389.0,8243.0,0,6,0,1
4389.0,8263.0,0,6,0,1
4389.0,8283.0,0,6,0,1
4389.0,8303.0,0,6,0,1
4389.0,8323.0,0,6,0,1
4389.0,8343.0,0,6,0,1
4389.0,8363.0,0,6,0,1
4389.0,8383.0,0,6,0,1
4389.0,8403.0,0,6,0,1
4389.0,8423.0,0,6,0,1
4389.0,8443.0,0,6,0,1
4389.0,8463.0,0,6,0,1
4389.0,8483.0,0,6,0,1
4389.0,8503.0,0,6,0,1
4389.0,8523.0,0,6,0,1
4389.0,8543.0,0,6,0,1
4389.0,8563.0,0,6,0,1
4389.0,8583.0,0,6,0,1
4389.0,8603.0,0,6,0,1
4389.0,8623.0,0,6,0,1
4389.0,8643.0,0,6,0,1
4389.0,8663.0,0,6,0,1
4389.0,8683.0,0,6,0,1
4389.0,8703.0,0,6,0,1
4389.0,8723.0,0,6,0,1
4389.0,8743.0,0,6,0,1
4389.0,8763.0,0,6,0,1
4389.0,8783.0,0,6,0,1
4389.0,8803.0,0,6,0,1
4389.0,8823.0,0,6,0,1
4389.0,8843.0,0,6,0,1
4389.0,8863.0,0,6,0,1
4389.0,8883.0,0,6,0,1
4389.0,8903.0,0,6,0,1
4389.0,8923.0,0,6,0,1
4389.0,8943.0,0,6,0,1
4389.0,8963.0,0,6,0,1
4389.0,8983.0,0,6,0,1
4389.0,9003.0,0,6,0,1
4389.0,9023.0,0,6,0,1
4389.0,9043.0,0,6,0,1
4389.0,9063.0,0,6,0,1
4389.0,9083.0,0,6,0,1
4389.0,9103.0,0,6,0,1
4389.0,9123.0,0,6,0,1
4389.0,9143.0,0,6,0,1
4389.0,9163.0,0,6,0,1
4389.0,9183.0,0,6,0,1
4389.0,9203.0,0,6,0,1
4389.0,9223.0,0,6,0,1
4389.0,9243.0,0,6,0,1
4389.0,9263.0,0,6,0,1
4389.0,9283.0,0,6,0,1
4389.0,9303.0,0,6,0,1
4389.0,9323.0,0,6,0,1
4389.0,9343.0,0,6,0,1
4389.0,9363.0,0,6,0,1
4389.0,9383.0,0,6,0,1
4389.0,9403.0,0,6,0,1
4389.0,9423.0,0,6,0,1
4389.0,9443.0,0,6,0,1
4389.0,9463.0,0,6,0,1
4389.0,9483.0,0,6,0,1
4389.0,9503.0,0,6,0,1
4389.0,9523.0,0,6,0,1
4389.0,9543.0,0,6,0,1
4389.0,9563.0,0,6,0,1
4389.0,9583.0,0,6,0,1
4389.0,9603.0,0,6,0,1
4389.0,9623.0,0,6,0,1
4389.0,9643.0,0,6,0,1
4389.0,9663.0,0,6,0,1
4389.0,9683.0,0,6,0,1
4389.0,9703.0,0,6,0,1
4389.0,9723.0,0,6,0,1
4389.0,9743.0,0,6,0,1
4389.0,9763.0,0,6,0,1
4389.0,9783.0,0,6,0,1
4389.0,9803.0,0,6,0,1
4389.0,9823.0,0,6,0,1
4389.0,9843.0,0,6,0,1
4389.0,9863.0,0,6,0,1
4389.0,9883.0,0,6,0,1
4389.0,9903.0,0,6,0,1
4389.0,9923.0,0,6,0,1
4389.0,9943.0,0,6,0,1
4389.0,9963.0,0,6,0,1
4389.0,9983.0,0,6,0,1
4389.0,10003.0,0,6,0,1
4389.0,10023.0,0,6,0,1
4389.0,10043.0,0,6,0,1
4389.0,10063.0,0,6,0,1
4389.0,10083.0,0,6,0,1
4389.0,10103.0,0,6,0,1
4389.0,10123.0,0,6,0,1
4389.0,10143.0,0,6,0,1
4389.0,10163.0,0,6,0,1
4389.0,10183.0,0,6,0,1
4389.0,10203.0,0,6,0,1
4376.0,10293.0,0,6,1,1
4378.0,10292.0,0,6,1,1
4378.0,10291.0,0,6,1,1
4379.0,10291.0,0,6,1,1
4380.0,10291.0,0,6,1,1
4381.0,10290.0,0,6,1,1
4382.0,10290.0,0,6,1,1
4383.0,10290.0,0,6,1,1
4384.0,10289.0,0,6,1,1
4385.0,10289.0,0,6,1,1
4386.0,10289.0,0,6,1,1
4387.0,10289.0,0,6,1,1
4390.0,10288.0,0,6,1,1
4391.0,10288.0,0,6,1,1
4392.0,10288.0,0,6,1,1
4393.0,10288.0,0,6,1,1
4395.0,10288.0,0,6,1,1
4397.0,10288.0,0,6,1,1
4398.0,10288.0,0,6,1,1
4400.0,10288.0,0,6,1,1
4403.0,10287.0,0,6,1,1
4406.0,10287.0,0,6,1,1
4410.0,10287.0,0,6,1,1
4412.0,10287.0,0,6,1,1
4414.0,10287.0,0,6,1,1
4415.0,10286.0,0,6,1,1
4416.0,10286.0,0,6,1,1
4418.0,10286.0,0,6,1,1
4419.0,10286.0,0,6,1,1
4420.0,10286.0,0,6,1,1
4421.0,10286.0,0,6,1,1
4422.0,10286.0,0,6,1,1
4423.0,10286.0,0,6,1,1
4424.0,10286.0,0,6,1,1
4423.0,10286.0,0,6,1,1
4422.0,10286.0,0,6,1,1
4421.0,10286.0,0,6,1,1
4419.0,10286.0,0,6,1,1
4418.0,10286.0,0,6,1,1
4417.0,10286.0,0,6,1,1
4416.0,10286.0,0,6,1,1
4415.0,10286.0,0,6,1,1
4414.0,10286.0,0,6,1,1
4413.0,10286.0,0,6,1,1
4412.0,10286.0,0,6,1,1
4411.0,10286.0,0,6,1,1
4410.0,10286.0,0,6,1,1
4409.0,10285.0,0,6,1,1
4408.0,10285.0,0,6,1,1
4406.0,10285.0,0,6,1,1
4405.0,10285.0,0,6,1,1
4404.0,10284.0,0,6,1,1
4402.0,10284.0,0,6,1,1
4401.0,10283.0,0,6,1,1
4399.0,10283.0,0,6,1,1
4398.0,10283.0,0,6,1,1
4397.0,10283.0,0,6,1,1
4396.0,10283.0,0,6,1,1
4395.0,10283.0,0,6,1,1
4394.0,10283.0,0,6,1,1
4393.0,10283.0,0,6,1,1
4392.0,10283.0,0,6,1,1
4391.0,10283.0,0,6,1,1
4390.0,10283.0,0,6,1,1
4389.0,10283.0,0,6,1,1
4387.0,10283.0,0,6,1,1
4385.0,10283.0,0,6,1,1
4384.0,10283.0,0,6,1,1
4383.0,10283.0,0,6,1,1
4382.0,10283.0,0,6,1,1
4381.0,10283.0,0,6,1,1
4379.0,10283.0,0,6,1,1
4378.0,10283.0,0,6,1,1
4376.0,10283.0,0,6,1,1
4375.0,10283.0,0,6,1,1
4374.0,10283.0,0,6,1,1
4373.0,10283.0,0,6,1,1
4372.0,10283.0,0,6,1,1
4371.0,10283.0,0,6,1,1
4370.0,10283.0,0,6,1,1
4368.0,10284.0,0,6,1,1
4366.0,10284.0,0,6,1,1
4363.0,10284.0,0,6,1,1
4361.0,10284.0,0,6,1,1
4358.0,10284.0,0,6,1,1
4354.0,10285.0,0,6,1,1
4353.0,10285.0,0,6,1,1
4350.0,10286.0,0,6,1,1
4348.0,10286.0,0,6,1,1
4347.0,10286.0,0,6,1,1
4345.0,10286.0,0,6,1,1
4344.0,10286.0,0,6,1,1
4343.0,10286.0,0,6,1,1
4342.0,10286.0,0,6,1,1
4341.0,10286.0,0,6,1,1
4339.0,10286.0,0,6,1,1
4338.0,10286.0,0,6,1,1
4337.0,10286.0,0,6,1,1
4336.0,10286.0,0,6,1,1
4334.0,10286.0,0,6,1,1
4333.0,10286.0,0,6,1,1
4332.0,10286.0,0,6,1,1
4332.0,10287.0,0,6,1,1
4333.0,10287.0,0,6,1,1
4336.0,10288.0,0,6,1,1
4338.0,10288.0,0,6,1,1
4343.0,10289.0,0,6,1,1
4346.0,10289.0,0,6,1,1
4352.0,10290.0,0,6,1,1
4356.0,10290.0,0,6,1,1
4363.0,10290.0,0,6,1,1
4368.0,10290.0,0,6,1,1
4371.0,10290.0,0,6,1,1
4376.0,10291.0,0,6,1,1
4381.0,10291.0,0,6,1,1
4385.0,10291.0,0,6,1,1
4389.0,10292.0,0,6,1,1
4393.0,10293.0,0,6,1,1
4395.0,10294.0,0,6,1,1
4399.0,10294.0,0,6,1,1
4402.0,10295.0,0,6,1,1
4404.0,10295.0,0,6,1,1
4407.0,10296.0,0,6,1,1
4409.0,10296.0,0,6,1,1
4412.0,10297.0,0,6,1,1
4416.0,10299.0,0,6,1,1
4420.0,10299.0,0,6,1,1
4422.0,10299.0,0,6,1,1
4424.0,10299.0,0,6,1,1
4428.0,10299.0,0,6,1,1
4432.0,10300.0,0,6,1,1
4434.0,10301.0,0,6,1,1
4436.0,10301.0,0,6,1,1
4439.0,10301.0,0,6,1,1
4443.0,10301.0,0,6,1,1
4445.0,10301.0,0,6,1,1
4448.0,10301.0,0,6,1,1
4451.0,10301.0,0,6,1,1
4452.0,10301.0,0,6,1,1
4454.0,10301.0,0,6,1,1
4456.0,10301.0,0,6,1,1
4458.0,10301.0,0,6,1,1
4459.0,10301.0,0,6,1,1
4460.0,10301.0,0,6,1,1
4462.0,10301.0,0,6,1,1
4463.0,10301.0,0,6,1,1
4464.0,10301.0,0,6,1,1
4466.0,10301.0,0,6,1,1
4468.0,10301.0,0,6,1,1
4469.0,10301.0,0,6,1,1
4471.0,10301.0,0,6,1,1
4473.0,10301.0,0,6,1,1
4474.0,10301.0,0,6,1,1
4475.0,10301.0,0,6,1,1
4477.0,10300.0,0,6,1,1
4479.0,10299.0,0,6,1,1
4480.0,10299.0,0,6,1,1
4481.0,10299.0,0,6,1,1
4482.0,10299.0,0,6,1,1
4483.0,10298.0,0,6,1,1
4484.0,10298.0,0,6,1,1
4485.0,10297.0,0,6,1,1
4486.0,10296.0,0,6,1,1
4487.0,10296.0,0,6,1,1
4488.0,10294.0,0,6,1,1
4490.0,10292.0,0,6,1,1
215,505,241,509,0
235,497,240,505,0
238,497,241,506,0
512.0,512.0,0,0,-1
51,21,0,0,5
84,50,0,0,5
198,29,0,0,5
198,30,0,0,5
198,29,0,0,6
212,250,224,251,0
214,250,225,251,2
211,249,214,252,1
212,250,230,260,1
209,258,234,272,1
207,269,242,282,1
234,248,0,0,5
247,207,0,0,5
512.0,512.0,0,0,-1
214,250,224,282,0
222,248,225,274,0
222,273,225,283,0
512.0,512.0,0,0,-1
136,30,0,0,5
256.0,256.0,0,0,-1
212,250,235,256,1
256.0,256.0,0,0,-1
TheCreator,0,0,0,-4
256.0,256.0,0,0,-1
22,11,33,20,0
25,16,29,16,3
25,16,30,17,3
TheCreator,0,0,0,-4
TheCreator,0,0,0,-4
