256.0,256.0,0,0,-1
380.0,614.0,0,9,0,1
381.0,614.0,0,9,0,1
382.0,614.0,0,9,0,1
383.0,614.0,0,9,0,1
384.0,614.0,0,9,0,1
385.0,614.0,0,9,0,1
386.0,613.0,0,9,0,1
387.0,613.0,0,9,0,1
388.0,612.0,0,9,0,1
389.0,612.0,0,9,0,1
390.0,612.0,0,9,0,1
391.0,611.0,0,9,0,1
394.0,611.0,0,9,0,1
395.0,611.0,0,9,0,1
396.0,611.0,0,9,0,1
398.0,611.0,0,9,0,1
401.0,611.0,0,9,0,1
403.0,611.0,0,9,0,1
405.0,611.0,0,9,0,1
406.0,611.0,0,9,0,1
407.0,610.0,0,9,0,1
409.0,610.0,0,9,0,1
410.0,610.0,0,9,0,1
411.0,610.0,0,9,0,1
412.0,610.0,0,9,0,1
413.0,610.0,0,9,0,1
414.0,610.0,0,9,0,1
415.0,610.0,0,9,0,1
416.0,610.0,0,9,0,1
417.0,610.0,0,9,0,1
419.0,610.0,0,9,0,1
422.0,610.0,0,9,0,1
431.0,610.0,0,9,0,1
435.0,610.0,0,9,0,1
438.0,610.0,0,9,0,1
442.0,610.0,0,9,0,1
444.0,610.0,0,9,0,1
445.0,610.0,0,9,0,1
446.0,610.0,0,9,0,1
447.0,610.0,0,9,0,1
448.0,610.0,0,9,0,1
449.0,610.0,0,9,0,1
451.0,610.0,0,9,0,1
453.0,610.0,0,9,0,1
455.0,610.0,0,9,0,1
456.0,610.0,0,9,0,1
457.0,610.0,0,9,0,1
458.0,610.0,0,9,0,1
459.0,610.0,0,9,0,1
460.0,610.0,0,9,0,1
465.0,610.0,0,9,0,1
467.0,610.0,0,9,0,1
469.0,610.0,0,9,0,1
471.0,610.0,0,9,0,1
472.0,610.0,0,9,0,1
475.0,610.0,0,9,0,1
477.0,610.0,0,9,0,1
480.0,610.0,0,9,0,1
483.0,610.0,0,9,0,1
486.0,610.0,0,9,0,1
487.0,610.0,0,9,0,1
488.0,610.0,0,9,0,1
490.0,610.0,0,9,0,1
491.0,610.0,0,9,0,1
492.0,610.0,0,9,0,1
493.0,610.0,0,9,0,1
495.0,610.0,0,9,0,1
496.0,610.0,0,9,0,1
497.0,610.0,0,9,0,1
498.0,610.0,0,9,0,1
499.0,610.0,0,9,0,1
501.0,610.0,0,9,0,1
502.0,610.0,0,9,0,1
504.0,610.0,0,9,0,1
505.0,610.0,0,9,0,1
506.0,610.0,0,9,0,1
508.0,610.0,0,9,0,1
509.0,610.0,0,9,0,1
511.0,610.0,0,9,0,1
512.0,610.0,0,9,0,1
514.0,610.0,0,9,0,1
517.0,610.0,0,9,0,1
519.0,610.0,0,9,0,1
522.0,610.0,0,9,0,1
526.0,610.0,0,9,0,1
527.0,610.0,0,9,0,1
530.0,610.0,0,9,0,1
533.0,610.0,0,9,0,1
534.0,610.0,0,9,0,1
537.0,609.0,0,9,0,1
540.0,609.0,0,9,0,1
541.0,609.0,0,9,0,1
543.0,609.0,0,9,0,1
547.0,609.0,0,9,0,1
548.0,609.0,0,9,0,1
552.0,609.0,0,9,0,1
555.0,609.0,0,9,0,1
557.0,609.0,0,9,0,1
560.0,609.0,0,9,0,1
563.0,609.0,0,9,0,1
565.0,609.0,0,9,0,1
568.0,609.0,0,9,0,1
570.0,609.0,0,9,0,1
574.0,609.0,0,9,0,1
576.0,609.0,0,9,0,1
578.0,609.0,0,9,0,1
581.0,609.0,0,9,0,1
584.0,609.0,0,9,0,1
585.0,609.0,0,9,0,1
586.0,609.0,0,9,0,1
588.0,609.0,0,9,0,1
590.0,609.0,0,9,0,1
591.0,609.0,0,9,0,1
592.0,609.0,0,9,0,1
593.0,609.0,0,9,0,1
594.0,609.0,0,9,0,1
595.0,609.0,0,9,0,1
596.0,609.0,0,9,0,1
598.0,609.0,0,9,0,1
600.0,609.0,0,9,0,1
602.0,609.0,0,9,0,1
603.0,609.0,0,9,0,1
604.0,609.0,0,9,0,1
606.0,609.0,0,9,0,1
608.0,609.0,0,9,0,1
611.0,609.0,0,9,0,1
612.0,609.0,0,9,0,1
613.0,609.0,0,9,0,1
614.0,609.0,0,9,0,1
615.0,609.0,0,9,0,1
616.0,609.0,0,9,0,1
617.0,609.0,0,9,0,1
618.0,609.0,0,9,0,1
620.0,609.0,0,9,0,1
621.0,609.0,0,9,0,1
622.0,609.0,0,9,0,1
623.0,609.0,0,9,0,1
624.0,609.0,0,9,0,1
625.0,609.0,0,9,0,1
627.0,609.0,0,9,0,1
628.0,609.0,0,9,0,1
629.0,609.0,0,9,0,1
630.0,609.0,0,9,0,1
631.0,609.0,0,9,0,1
633.0,609.0,0,9,0,1
634.0,609.0,0,9,0,1
635.0,609.0,0,9,0,1
636.0,609.0,0,9,0,1
637.0,609.0,0,9,0,1
639.0,609.0,0,9,0,1
640.0,609.0,0,9,0,1
641.0,609.0,0,9,0,1
642.0,609.0,0,9,0,1
643.0,609.0,0,9,0,1
644.0,609.0,0,9,0,1
646.0,609.0,0,9,0,1
647.0,609.0,0,9,0,1
648.0,609.0,0,9,0,1
649.0,609.0,0,9,0,1
650.0,609.0,0,9,0,1
651.0,609.0,0,9,0,1
652.0,609.0,0,9,0,1
654.0,609.0,0,9,0,1
655.0,609.0,0,9,0,1
656.0,609.0,0,9,0,1
657.0,609.0,0,9,0,1
658.0,609.0,0,9,0,1
660.0,609.0,0,9,0,1
661.0,609.0,0,9,0,1
663.0,609.0,0,9,0,1
664.0,609.0,0,9,0,1
665.0,609.0,0,9,0,1
666.0,609.0,0,9,0,1
668.0,609.0,0,9,0,1
669.0,609.0,0,9,0,1
671.0,609.0,0,9,0,1
673.0,609.0,0,9,0,1
674.0,609.0,0,9,0,1
675.0,609.0,0,9,0,1
677.0,609.0,0,9,0,1
679.0,609.0,0,9,0,1
680.0,609.0,0,9,0,1
682.0,609.0,0,9,0,1
684.0,609.0,0,9,0,1
685.0,609.0,0,9,0,1
686.0,609.0,0,9,0,1
687.0,609.0,0,9,0,1
688.0,609.0,0,9,0,1
689.0,609.0,0,9,0,1
690.0,609.0,0,9,0,1
691.0,609.0,0,9,0,1
692.0,609.0,0,9,0,1
693.0,609.0,0,9,0,1
694.0,609.0,0,9,0,1
695.0,609.0,0,9,0,1
696.0,609.0,0,9,0,1
716.0,609.0,0,9,0,1
736.0,609.0,0,9,0,1
756.0,609.0,0,9,0,1
776.0,609.0,0,9,0,1
777.0,609.0,0,9,0,1
777.0,610.0,0,9,0,1
777.0,611.0,0,9,0,1
778.0,611.0,0,9,0,1
779.0,611.0,0,9,0,1
779.0,631.0,0,9,0,1
799.0,631.0,0,9,0,1
799.0,651.0,0,9,0,1
819.0,651.0,0,9,0,1
819.0,671.0,0,9,0,1
839.0,671.0,0,9,0,1
839.0,691.0,0,9,0,1
859.0,691.0,0,9,0,1
859.0,711.0,0,9,0,1
879.0,711.0,0,9,0,1
879.0,731.0,0,9,0,1
899.0,731.0,0,9,0,1
899.0,751.0,0,9,0,1
919.0,751.0,0,9,0,1
919.0,771.0,0,9,0,1
939.0,771.0,0,9,0,1
939.0,791.0,0,9,0,1
959.0,791.0,0,9,0,1
959.0,811.0,0,9,0,1
979.0,811.0,0,9,0,1
979.0,831.0,0,9,0,1
999.0,831.0,0,9,0,1
999.0,851.0,0,9,0,1
1019.0,851.0,0,9,0,1
1019.0,871.0,0,9,0,1
1039.0,871.0,0,9,0,1
1039.0,891.0,0,9,0,1
1059.0,891.0,0,9,0,1
1059.0,911.0,0,9,0,1
1079.0,911.0,0,9,0,1
1079.0,931.0,0,9,0,1
1079.0,951.0,0,9,0,1
1079.0,971.0,0,9,0,1
1079.0,991.0,0,9,0,1
1079.0,1011.0,0,9,0,1
1079.0,1031.0,0,9,0,1
1079.0,1051.0,0,9,0,1
1079.0,1071.0,0,9,0,1
1079.0,1091.0,0,9,0,1
1079.0,1111.0,0,9,0,1
1079.0,1131.0,0,9,0,1
1079.0,1151.0,0,9,0,1
1079.0,1171.0,0,9,0,1
1079.0,1191.0,0,9,0,1
1079.0,1211.0,0,9,0,1
1079.0,1231.0,0,9,0,1
1079.0,1251.0,0,9,0,1
1079.0,1271.0,0,9,0,1
1079.0,1291.0,0,9,0,1
1059.0,1291.0,0,9,0,1
1039.0,1291.0,0,9,0,1
1019.0,1291.0,0,9,0,1
999.0,1291.0,0,9,0,1
979.0,1291.0,0,9,0,1
959.0,1291.0,0,9,0,1
939.0,1291.0,0,9,0,1
919.0,1291.0,0,9,0,1
899.0,1291.0,0,9,0,1
879.0,1291.0,0,9,0,1
859.0,1291.0,0,9,0,1
839.0,1291.0,0,9,0,1
839.0,1311.0,0,9,0,1
819.0,1311.0,0,9,0,1
819.0,1331.0,0,9,0,1
799.0,1331.0,0,9,0,1
799.0,1351.0,0,9,0,1
779.0,1351.0,0,9,0,1
779.0,1371.0,0,9,0,1
759.0,1371.0,0,9,0,1
759.0,1391.0,0,9,0,1
739.0,1391.0,0,9,0,1
739.0,1411.0,0,9,0,1
719.0,1411.0,0,9,0,1
719.0,1431.0,0,9,0,1
699.0,1431.0,0,9,0,1
699.0,1451.0,0,9,0,1
679.0,1451.0,0,9,0,1
679.0,1471.0,0,9,0,1
659.0,1471.0,0,9,0,1
659.0,1491.0,0,9,0,1
639.0,1491.0,0,9,0,1
639.0,1511.0,0,9,0,1
619.0,1511.0,0,9,0,1
619.0,1531.0,0,9,0,1
599.0,1531.0,0,9,0,1
599.0,1551.0,0,9,0,1
579.0,1551.0,0,9,0,1
579.0,1571.0,0,9,0,1
559.0,1571.0,0,9,0,1
760.0,1268.0,0,9,1,1
761.0,1270.0,0,9,1,1
762.0,1271.0,0,9,1,1
765.0,1274.0,0,9,1,1
768.0,1276.0,0,9,1,1
771.0,1279.0,0,9,1,1
772.0,1281.0,0,9,1,1
775.0,1283.0,0,9,1,1
777.0,1288.0,0,9,1,1
780.0,1292.0,0,9,1,1
783.0,1298.0,0,9,1,1
786.0,1302.0,0,9,1,1
789.0,1306.0,0,9,1,1
793.0,1311.0,0,9,1,1
794.0,1313.0,0,9,1,1
797.0,1316.0,0,9,1,1
799.0,1319.0,0,9,1,1
800.0,1321.0,0,9,1,1
802.0,1324.0,0,9,1,1
805.0,1326.0,0,9,1,1
806.0,1329.0,0,9,1,1
807.0,1331.0,0,9,1,1
810.0,1335.0,0,9,1,1
813.0,1339.0,0,9,1,1
813.0,1342.0,0,9,1,1
815.0,1345.0,0,9,1,1
816.0,1348.0,0,9,1,1
817.0,1351.0,0,9,1,1
819.0,1354.0,0,9,1,1
821.0,1357.0,0,9,1,1
823.0,1361.0,0,9,1,1
825.0,1364.0,0,9,1,1
826.0,1367.0,0,9,1,1
828.0,1371.0,0,9,1,1
829.0,1373.0,0,9,1,1
830.0,1375.0,0,9,1,1
831.0,1377.0,0,9,1,1
832.0,1379.0,0,9,1,1
833.0,1380.0,0,9,1,1
833.0,1381.0,0,9,1,1
833.0,1382.0,0,9,1,1
833.0,1384.0,0,9,1,1
833.0,1386.0,0,9,1,1
833.0,1387.0,0,9,1,1
833.0,1388.0,0,9,1,1
833.0,1389.0,0,9,1,1
833.0,1390.0,0,9,1,1
833.0,1392.0,0,9,1,1
833.0,1393.0,0,9,1,1
833.0,1394.0,0,9,1,1
833.0,1395.0,0,9,1,1
833.0,1396.0,0,9,1,1
833.0,1397.0,0,9,1,1
833.0,1398.0,0,9,1,1
833.0,1399.0,0,9,1,1
833.0,1400.0,0,9,1,1
833.0,1401.0,0,9,1,1
833.0,1402.0,0,9,1,1
833.0,1403.0,0,9,1,1
832.0,1403.0,0,9,1,1
831.0,1404.0,0,9,1,1
831.0,1424.0,0,9,1,1
829.0,1424.0,0,9,1,1
828.0,1424.0,0,9,1,1
828.0,1444.0,0,9,1,1
826.0,1446.0,0,9,1,1
823.0,1447.0,0,9,1,1
823.0,1467.0,0,9,1,1
820.0,1468.0,0,9,1,1
818.0,1469.0,0,9,1,1
818.0,1489.0,0,9,1,1
814.0,1489.0,0,9,1,1
811.0,1489.0,0,9,1,1
811.0,1509.0,0,9,1,1
808.0,1510.0,0,9,1,1
804.0,1511.0,0,9,1,1
804.0,1531.0,0,9,1,1
802.0,1532.0,0,9,1,1
799.0,1533.0,0,9,1,1
799.0,1553.0,0,9,1,1
796.0,1553.0,0,9,1,1
794.0,1553.0,0,9,1,1
794.0,1573.0,0,9,1,1
791.0,1573.0,0,9,1,1
788.0,1573.0,0,9,1,1
788.0,1593.0,0,9,1,1
785.0,1593.0,0,9,1,1
781.0,1593.0,0,9,1,1
781.0,1613.0,0,9,1,1
777.0,1613.0,0,9,1,1
772.0,1613.0,0,9,1,1
768.0,1610.0,0,9,1,1
765.0,1610.0,0,9,1,1
763.0,1608.0,0,9,1,1
760.0,1607.0,0,9,1,1
757.0,1605.0,0,9,1,1
753.0,1601.0,0,9,1,1
748.0,1597.0,0,9,1,1
745.0,1593.0,0,9,1,1
741.0,1590.0,0,9,1,1
738.0,1585.0,0,9,1,1
734.0,1581.0,0,9,1,1
731.0,1578.0,0,9,1,1
729.0,1574.0,0,9,1,1
728.0,1570.0,0,9,1,1
727.0,1568.0,0,9,1,1
725.0,1566.0,0,9,1,1
723.0,1563.0,0,9,1,1
721.0,1560.0,0,9,1,1
719.0,1556.0,0,9,1,1
716.0,1552.0,0,9,1,1
711.0,1546.0,0,9,1,1
709.0,1540.0,0,9,1,1
704.0,1534.0,0,9,1,1
699.0,1527.0,0,9,1,1
694.0,1521.0,0,9,1,1
689.0,1514.0,0,9,1,1
684.0,1508.0,0,9,1,1
681.0,1504.0,0,9,1,1
679.0,1501.0,0,9,1,1
678.0,1496.0,0,9,1,1
676.0,1491.0,0,9,1,1
674.0,1485.0,0,9,1,1
673.0,1481.0,0,9,1,1
671.0,1475.0,0,9,1,1
668.0,1471.0,0,9,1,1
664.0,1465.0,0,9,1,1
660.0,1459.0,0,9,1,1
652.0,1452.0,0,9,1,1
649.0,1446.0,0,9,1,1
644.0,1440.0,0,9,1,1
638.0,1434.0,0,9,1,1
633.0,1428.0,0,9,1,1
627.0,1425.0,0,9,1,1
623.0,1421.0,0,9,1,1
616.0,1418.0,0,9,1,1
612.0,1416.0,0,9,1,1
608.0,1416.0,0,9,1,1
603.0,1416.0,0,9,1,1
599.0,1416.0,0,9,1,1
597.0,1416.0,0,9,1,1
594.0,1416.0,0,9,1,1
590.0,1417.0,0,9,1,1
586.0,1419.0,0,9,1,1
583.0,1421.0,0,9,1,1
579.0,1424.0,0,9,1,1
574.0,1429.0,0,9,1,1
568.0,1437.0,0,9,1,1
564.0,1444.0,0,9,1,1
560.0,1456.0,0,9,1,1
556.0,1468.0,0,9,1,1
552.0,1485.0,0,9,1,1
548.0,1504.0,0,9,1,1
546.0,1519.0,0,9,1,1
545.0,1537.0,0,9,1,1
545.0,1549.0,0,9,1,1
545.0,1564.0,0,9,1,1
545.0,1576.0,0,9,1,1
545.0,1584.0,0,9,1,1
545.0,1594.0,0,9,1,1
545.0,1601.0,0,9,1,1
545.0,1608.0,0,9,1,1
548.0,1615.0,0,9,1,1
549.0,1619.0,0,9,1,1
554.0,1626.0,0,9,1,1
559.0,1632.0,0,9,1,1
567.0,1639.0,0,9,1,1
572.0,1642.0,0,9,1,1
580.0,1645.0,0,9,1,1
587.0,1647.0,0,9,1,1
594.0,1650.0,0,9,1,1
602.0,1650.0,0,9,1,1
608.0,1650.0,0,9,1,1
614.0,1650.0,0,9,1,1
620.0,1650.0,0,9,1,1
626.0,1650.0,0,9,1,1
632.0,1650.0,0,9,1,1
637.0,1650.0,0,9,1,1
642.0,1648.0,0,9,1,1
647.0,1648.0,0,9,1,1
651.0,1647.0,0,9,1,1
654.0,1646.0,0,9,1,1
656.0,1644.0,0,9,1,1
657.0,1643.0,0,9,1,1
658.0,1641.0,0,9,1,1
659.0,1641.0,0,9,1,1
659.0,1640.0,0,9,1,1
659.0,1639.0,0,9,1,1
659.0,1638.0,0,9,1,1
659.0,1636.0,0,9,1,1
658.0,1634.0,0,9,1,1
657.0,1634.0,0,9,1,1
654.0,1631.0,0,9,1,1
654.0,1628.0,0,9,1,1
651.0,1627.0,0,9,1,1
719.0,1226.0,0,9,1,1
720.0,1226.0,0,9,1,1
721.0,1226.0,0,9,1,1
722.0,1226.0,0,9,1,1
722.0,1225.0,0,9,1,1
723.0,1225.0,0,9,1,1
724.0,1225.0,0,9,1,1
725.0,1225.0,0,9,1,1
726.0,1225.0,0,9,1,1
727.0,1225.0,0,9,1,1
727.0,1224.0,0,9,1,1
728.0,1222.0,0,9,1,1
729.0,1221.0,0,9,1,1
730.0,1219.0,0,9,1,1
732.0,1218.0,0,9,1,1
732.0,1216.0,0,9,1,1
732.0,1215.0,0,9,1,1
732.0,1214.0,0,9,1,1
733.0,1213.0,0,9,1,1
733.0,1212.0,0,9,1,1
733.0,1211.0,0,9,1,1
734.0,1210.0,0,9,1,1
735.0,1210.0,0,9,1,1
735.0,1209.0,0,9,1,1
736.0,1208.0,0,9,1,1
736.0,1209.0,0,9,1,1
736.0,1210.0,0,9,1,1
736.0,1209.0,0,9,1,1
737.0,1208.0,0,9,1,1
738.0,1207.0,0,9,1,1
738.0,1206.0,0,9,1,1
740.0,1206.0,0,9,1,1
741.0,1206.0,0,9,1,1
741.0,1205.0,0,9,1,1
742.0,1204.0,0,9,1,1
743.0,1203.0,0,9,1,1
744.0,1201.0,0,9,1,1
745.0,1201.0,0,9,1,1
745.0,1200.0,0,9,1,1
745.0,1202.0,0,9,1,1
745.0,1205.0,0,9,1,1
745.0,1209.0,0,9,1,1
745.0,1213.0,0,9,1,1
743.0,1219.0,0,9,1,1
743.0,1226.0,0,9,1,1
743.0,1233.0,0,9,1,1
744.0,1242.0,0,9,1,1
744.0,1248.0,0,9,1,1
744.0,1257.0,0,9,1,1
745.0,1262.0,0,9,1,1
746.0,1269.0,0,9,1,1
747.0,1275.0,0,9,1,1
748.0,1282.0,0,9,1,1
749.0,1287.0,0,9,1,1
750.0,1292.0,0,9,1,1
751.0,1298.0,0,9,1,1
752.0,1303.0,0,9,1,1
755.0,1309.0,0,9,1,1
757.0,1315.0,0,9,1,1
758.0,1322.0,0,9,1,1
759.0,1329.0,0,9,1,1
761.0,1333.0,0,9,1,1
764.0,1338.0,0,9,1,1
766.0,1343.0,0,9,1,1
768.0,1348.0,0,9,1,1
770.0,1354.0,0,9,1,1
773.0,1358.0,0,9,1,1
774.0,1362.0,0,9,1,1
777.0,1369.0,0,9,1,1
780.0,1374.0,0,9,1,1
785.0,1378.0,0,9,1,1
788.0,1382.0,0,9,1,1
791.0,1387.0,0,9,1,1
795.0,1389.0,0,9,1,1
799.0,1392.0,0,9,1,1
804.0,1395.0,0,9,1,1
809.0,1398.0,0,9,1,1
815.0,1401.0,0,9,1,1
824.0,1404.0,0,9,1,1
835.0,1409.0,0,9,1,1
847.0,1414.0,0,9,1,1
859.0,1417.0,0,9,1,1
871.0,1421.0,0,9,1,1
885.0,1424.0,0,9,1,1
903.0,1427.0,0,9,1,1
920.0,1428.0,0,9,1,1
938.0,1429.0,0,9,1,1
957.0,1432.0,0,9,1,1
978.0,1434.0,0,9,1,1
998.0,1437.0,0,9,1,1
1016.0,1438.0,0,9,1,1
1033.0,1441.0,0,9,1,1
1049.0,1442.0,0,9,1,1
1068.0,1444.0,0,9,1,1
1084.0,1444.0,0,9,1,1
1097.0,1444.0,0,9,1,1
1114.0,1444.0,0,9,1,1
1127.0,1441.0,0,9,1,1
1141.0,1437.0,0,9,1,1
1158.0,1432.0,0,9,1,1
1172.0,1428.0,0,9,1,1
1182.0,1426.0,0,9,1,1
1193.0,1422.0,0,9,1,1
1200.0,1421.0,0,9,1,1
1207.0,1418.0,0,9,1,1
1210.0,1416.0,0,9,1,1
1211.0,1416.0,0,9,1,1
1213.0,1414.0,0,9,1,1
1214.0,1413.0,0,9,1,1
1214.0,1412.0,0,9,1,1
1215.0,1412.0,0,9,1,1
1215.0,1411.0,0,9,1,1
1069.0,1066.0,0,9,0,1
1069.0,1086.0,0,9,0,1
1069.0,1106.0,0,9,0,1
1069.0,1126.0,0,9,0,1
1069.0,1146.0,0,9,0,1
1069.0,1166.0,0,9,0,1
1069.0,1186.0,0,9,0,1
1069.0,1206.0,0,9,0,1
1069.0,1226.0,0,9,0,1
1069.0,1246.0,0,9,0,1
1070.0,1246.0,0,9,0,1
1070.0,1245.0,0,9,0,1
1071.0,1245.0,0,9,0,1
1072.0,1245.0,0,9,0,1
1072.0,1265.0,0,9,0,1
1072.0,1285.0,0,9,0,1
1072.0,1305.0,0,9,0,1
1072.0,1325.0,0,9,0,1
1072.0,1345.0,0,9,0,1
1072.0,1365.0,0,9,0,1
1052.0,1365.0,0,9,0,1
1052.0,1385.0,0,9,0,1
1032.0,1385.0,0,9,0,1
1032.0,1405.0,0,9,0,1
1012.0,1405.0,0,9,0,1
1012.0,1425.0,0,9,0,1
992.0,1425.0,0,9,0,1
992.0,1445.0,0,9,0,1
972.0,1445.0,0,9,0,1
972.0,1465.0,0,9,0,1
952.0,1465.0,0,9,0,1
952.0,1485.0,0,9,0,1
932.0,1485.0,0,9,0,1
932.0,1505.0,0,9,0,1
912.0,1505.0,0,9,0,1
912.0,1525.0,0,9,0,1
892.0,1525.0,0,9,0,1
892.0,1545.0,0,9,0,1
872.0,1545.0,0,9,0,1
872.0,1565.0,0,9,0,1
852.0,1565.0,0,9,0,1
852.0,1585.0,0,9,0,1
832.0,1585.0,0,9,0,1
832.0,1605.0,0,9,0,1
812.0,1605.0,0,9,0,1
812.0,1625.0,0,9,0,1
792.0,1625.0,0,9,0,1
792.0,1645.0,0,9,0,1
772.0,1645.0,0,9,0,1
772.0,1665.0,0,9,0,1
752.0,1665.0,0,9,0,1
752.0,1685.0,0,9,0,1
732.0,1685.0,0,9,0,1
732.0,1705.0,0,9,0,1
712.0,1705.0,0,9,0,1
712.0,1725.0,0,9,0,1
692.0,1725.0,0,9,0,1
672.0,1725.0,0,9,0,1
652.0,1725.0,0,9,0,1
632.0,1725.0,0,9,0,1
612.0,1725.0,0,9,0,1
592.0,1725.0,0,9,0,1
572.0,1725.0,0,9,0,1
552.0,1725.0,0,9,0,1
532.0,1725.0,0,9,0,1
512.0,1725.0,0,9,0,1
492.0,1725.0,0,9,0,1
492.0,1705.0,0,9,0,1
492.0,1685.0,0,9,0,1
492.0,1665.0,0,9,0,1
492.0,1645.0,0,9,0,1
492.0,1625.0,0,9,0,1
492.0,1605.0,0,9,0,1
492.0,1585.0,0,9,0,1
492.0,1565.0,0,9,0,1
492.0,1545.0,0,9,0,1
492.0,1525.0,0,9,0,1
492.0,1505.0,0,9,0,1
492.0,1485.0,0,9,0,1
492.0,1465.0,0,9,0,1
492.0,1445.0,0,9,0,1
492.0,1425.0,0,9,0,1
492.0,1405.0,0,9,0,1
492.0,1385.0,0,9,0,1
492.0,1365.0,0,9,0,1
492.0,1345.0,0,9,0,1
492.0,1325.0,0,9,0,1
492.0,1305.0,0,9,0,1
492.0,1285.0,0,9,0,1
492.0,1265.0,0,9,0,1
492.0,1245.0,0,9,0,1
492.0,1225.0,0,9,0,1
492.0,1205.0,0,9,0,1
492.0,1185.0,0,9,0,1
492.0,1165.0,0,9,0,1
492.0,1145.0,0,9,0,1
492.0,1125.0,0,9,0,1
492.0,1105.0,0,9,0,1
492.0,1125.0,0,9,0,1
492.0,1145.0,0,9,0,1
492.0,1165.0,0,9,0,1
491.0,1165.0,0,9,0,1
490.0,1165.0,0,9,0,1
489.0,1165.0,0,9,0,1
490.0,1165.0,0,9,0,1
16,52,17,53,0
491.0,1117.0,0,9,0,1
491.0,1115.0,0,9,0,1
491.0,1114.0,0,9,0,1
491.0,1112.0,0,9,0,1
491.0,1111.0,0,9,0,1
491.0,1110.0,0,9,0,1
491.0,1109.0,0,9,0,1
491.0,1108.0,0,9,0,1
491.0,1107.0,0,9,0,1
491.0,1106.0,0,9,0,1
491.0,1107.0,0,9,0,1
491.0,1108.0,0,9,0,1
491.0,1109.0,0,9,0,1
490.0,1110.0,0,9,0,1
490.0,1111.0,0,9,0,1
490.0,1112.0,0,9,0,1
489.0,1112.0,0,9,0,1
489.0,1113.0,0,9,0,1
489.0,1114.0,0,9,0,1
488.0,1114.0,0,9,0,1
487.0,1114.0,0,9,0,1
486.0,1114.0,0,9,0,1
485.0,1114.0,0,9,0,1
484.0,1114.0,0,9,0,1
483.0,1114.0,0,9,0,1
482.0,1114.0,0,9,0,1
481.0,1114.0,0,9,0,1
480.0,1114.0,0,9,0,1
479.0,1114.0,0,9,0,1
478.0,1114.0,0,9,0,1
477.0,1114.0,0,9,0,1
476.0,1114.0,0,9,0,1
475.0,1114.0,0,9,0,1
474.0,1114.0,0,9,0,1
473.0,1114.0,0,9,0,1
472.0,1114.0,0,9,0,1
471.0,1114.0,0,9,0,1
470.0,1114.0,0,9,0,1
471.0,1114.0,0,9,0,1
472.0,1114.0,0,9,0,1
473.0,1114.0,0,9,0,1
474.0,1114.0,0,9,0,1
475.0,1114.0,0,9,0,1
476.0,1114.0,0,9,0,1
477.0,1114.0,0,9,0,1
478.0,1114.0,0,9,0,1
479.0,1114.0,0,9,0,1
480.0,1114.0,0,9,0,1
481.0,1114.0,0,9,0,1
482.0,1114.0,0,9,0,1
483.0,1114.0,0,9,0,1
484.0,1114.0,0,9,0,1
485.0,1114.0,0,9,0,1
486.0,1114.0,0,9,0,1
487.0,1114.0,0,9,0,1
488.0,1114.0,0,9,0,1
489.0,1114.0,0,9,0,1
490.0,1114.0,0,9,0,1
491.0,1114.0,0,9,0,1
492.0,1114.0,0,9,0,1
493.0,1114.0,0,9,0,1
494.0,1114.0,0,9,0,1
495.0,1114.0,0,9,0,1
496.0,1114.0,0,9,0,1
496.0,1113.0,0,9,0,1
497.0,1113.0,0,9,0,1
498.0,1113.0,0,9,0,1
499.0,1113.0,0,9,0,1
499.0,1112.0,0,9,0,1
500.0,1112.0,0,9,0,1
501.0,1112.0,0,9,0,1
502.0,1112.0,0,9,0,1
503.0,1112.0,0,9,0,1
504.0,1112.0,0,9,0,1
505.0,1112.0,0,9,0,1
506.0,1112.0,0,9,0,1
507.0,1112.0,0,9,0,1
508.0,1112.0,0,9,0,1
509.0,1112.0,0,9,0,1
510.0,1112.0,0,9,0,1
511.0,1112.0,0,9,0,1
512.0,1112.0,0,9,0,1
513.0,1112.0,0,9,0,1
514.0,1112.0,0,9,0,1
515.0,1112.0,0,9,0,1
516.0,1112.0,0,9,0,1
517.0,1112.0,0,9,0,1
32,50,33,51,1
31,49,32,50,1
30,48,31,49,1
20,47,21,48,0
,0,0,0,-4
256.0,256.0,0,0,-1
0,0,0,0,-2
21,30,0,0,4
757.0,951.0,0,9,0,1
759.0,951.0,0,9,0,1
762.0,951.0,0,9,0,1
763.0,951.0,0,9,0,1
767.0,951.0,0,9,0,1
768.0,952.0,0,9,0,1
769.0,952.0,0,9,0,1
770.0,952.0,0,9,0,1
771.0,952.0,0,9,0,1
773.0,952.0,0,9,0,1
774.0,952.0,0,9,0,1
775.0,952.0,0,9,0,1
776.0,952.0,0,9,0,1
779.0,952.0,0,9,0,1
780.0,952.0,0,9,0,1
782.0,952.0,0,9,0,1
784.0,952.0,0,9,0,1
788.0,952.0,0,9,0,1
795.0,954.0,0,9,0,1
796.0,954.0,0,9,0,1
801.0,954.0,0,9,0,1
813.0,955.0,0,9,0,1
825.0,956.0,0,9,0,1
826.0,956.0,0,9,0,1
833.0,956.0,0,9,0,1
839.0,957.0,0,9,0,1
846.0,957.0,0,9,0,1
851.0,958.0,0,9,0,1
854.0,958.0,0,9,0,1
855.0,958.0,0,9,0,1
857.0,958.0,0,9,0,1
858.0,958.0,0,9,0,1
856.0,958.0,0,9,0,1
786.0,956.0,0,9,1,1
782.0,956.0,0,9,1,1
777.0,954.0,0,9,1,1
772.0,954.0,0,9,1,1
767.0,954.0,0,9,1,1
760.0,954.0,0,9,1,1
755.0,954.0,0,9,1,1
750.0,954.0,0,9,1,1
745.0,954.0,0,9,1,1
738.0,954.0,0,9,1,1
731.0,955.0,0,9,1,1
727.0,955.0,0,9,1,1
721.0,955.0,0,9,1,1
717.0,955.0,0,9,1,1
711.0,955.0,0,9,1,1
706.0,955.0,0,9,1,1
700.0,955.0,0,9,1,1
695.0,955.0,0,9,1,1
692.0,955.0,0,9,1,1
688.0,955.0,0,9,1,1
685.0,955.0,0,9,1,1
682.0,955.0,0,9,1,1
680.0,955.0,0,9,1,1
678.0,955.0,0,9,1,1
677.0,955.0,0,9,1,1
674.0,955.0,0,9,1,1
672.0,954.0,0,9,1,1
671.0,954.0,0,9,1,1
670.0,954.0,0,9,1,1
669.0,954.0,0,9,1,1
670.0,954.0,0,9,1,1
671.0,954.0,0,9,1,1
673.0,954.0,0,9,1,1
677.0,954.0,0,9,1,1
683.0,954.0,0,9,1,1
690.0,954.0,0,9,1,1
700.0,954.0,0,9,1,1
710.0,954.0,0,9,1,1
723.0,952.0,0,9,1,1
737.0,952.0,0,9,1,1
755.0,952.0,0,9,1,1
773.0,952.0,0,9,1,1
789.0,952.0,0,9,1,1
810.0,952.0,0,9,1,1
830.0,952.0,0,9,1,1
861.0,952.0,0,9,1,1
895.0,952.0,0,9,1,1
926.0,952.0,0,9,1,1
957.0,953.0,0,9,1,1
991.0,953.0,0,9,1,1
1025.0,953.0,0,9,1,1
1053.0,953.0,0,9,1,1
1088.0,954.0,0,9,1,1
1112.0,956.0,0,9,1,1
1140.0,958.0,0,9,1,1
1166.0,961.0,0,9,1,1
1185.0,964.0,0,9,1,1
1204.0,967.0,0,9,1,1
1227.0,970.0,0,9,1,1
1242.0,972.0,0,9,1,1
1257.0,974.0,0,9,1,1
1274.0,974.0,0,9,1,1
1287.0,974.0,0,9,1,1
1297.0,975.0,0,9,1,1
1307.0,975.0,0,9,1,1
1316.0,976.0,0,9,1,1
1322.0,976.0,0,9,1,1
1328.0,976.0,0,9,1,1
1333.0,976.0,0,9,1,1
1335.0,976.0,0,9,1,1
1337.0,976.0,0,9,1,1
1338.0,976.0,0,9,1,1
1267.0,1231.0,0,9,1,1
1267.0,1230.0,0,9,1,1
1267.0,1228.0,0,9,1,1
1267.0,1226.0,0,9,1,1
1267.0,1225.0,0,9,1,1
1267.0,1224.0,0,9,1,1
1266.0,1223.0,0,9,1,1
1266.0,1222.0,0,9,1,1
1265.0,1220.0,0,9,1,1
1264.0,1220.0,0,9,1,1
1263.0,1218.0,0,9,1,1
1262.0,1217.0,0,9,1,1
1260.0,1215.0,0,9,1,1
1256.0,1214.0,0,9,1,1
1252.0,1213.0,0,9,1,1
1246.0,1211.0,0,9,1,1
1241.0,1210.0,0,9,1,1
1234.0,1209.0,0,9,1,1
1227.0,1206.0,0,9,1,1
1218.0,1205.0,0,9,1,1
1211.0,1203.0,0,9,1,1
1204.0,1202.0,0,9,1,1
1198.0,1199.0,0,9,1,1
1192.0,1199.0,0,9,1,1
1183.0,1197.0,0,9,1,1
1173.0,1195.0,0,9,1,1
1164.0,1193.0,0,9,1,1
1152.0,1192.0,0,9,1,1
1140.0,1192.0,0,9,1,1
1124.0,1192.0,0,9,1,1
1107.0,1192.0,0,9,1,1
1089.0,1192.0,0,9,1,1
1073.0,1190.0,0,9,1,1
1056.0,1190.0,0,9,1,1
1038.0,1190.0,0,9,1,1
1020.0,1190.0,0,9,1,1
1002.0,1190.0,0,9,1,1
980.0,1193.0,0,9,1,1
960.0,1193.0,0,9,1,1
943.0,1193.0,0,9,1,1
927.0,1193.0,0,9,1,1
909.0,1193.0,0,9,1,1
892.0,1193.0,0,9,1,1
874.0,1193.0,0,9,1,1
857.0,1193.0,0,9,1,1
839.0,1193.0,0,9,1,1
821.0,1193.0,0,9,1,1
806.0,1193.0,0,9,1,1
793.0,1191.0,0,9,1,1
779.0,1191.0,0,9,1,1
769.0,1189.0,0,9,1,1
759.0,1187.0,0,9,1,1
750.0,1184.0,0,9,1,1
741.0,1180.0,0,9,1,1
732.0,1178.0,0,9,1,1
728.0,1176.0,0,9,1,1
721.0,1171.0,0,9,1,1
715.0,1168.0,0,9,1,1
711.0,1164.0,0,9,1,1
705.0,1159.0,0,9,1,1
697.0,1155.0,0,9,1,1
690.0,1150.0,0,9,1,1
684.0,1148.0,0,9,1,1
676.0,1143.0,0,9,1,1
669.0,1139.0,0,9,1,1
663.0,1136.0,0,9,1,1
659.0,1134.0,0,9,1,1
652.0,1130.0,0,9,1,1
649.0,1128.0,0,9,1,1
645.0,1125.0,0,9,1,1
639.0,1122.0,0,9,1,1
635.0,1120.0,0,9,1,1
629.0,1117.0,0,9,1,1
625.0,1114.0,0,9,1,1
621.0,1112.0,0,9,1,1
615.0,1109.0,0,9,1,1
609.0,1105.0,0,9,1,1
603.0,1102.0,0,9,1,1
596.0,1099.0,0,9,1,1
589.0,1096.0,0,9,1,1
580.0,1092.0,0,9,1,1
573.0,1089.0,0,9,1,1
566.0,1088.0,0,9,1,1
557.0,1086.0,0,9,1,1
550.0,1084.0,0,9,1,1
543.0,1083.0,0,9,1,1
534.0,1082.0,0,9,1,1
524.0,1082.0,0,9,1,1
514.0,1082.0,0,9,1,1
506.0,1082.0,0,9,1,1
496.0,1082.0,0,9,1,1
489.0,1080.0,0,9,1,1
482.0,1080.0,0,9,1,1
475.0,1080.0,0,9,1,1
468.0,1080.0,0,9,1,1
461.0,1080.0,0,9,1,1
456.0,1080.0,0,9,1,1
450.0,1080.0,0,9,1,1
446.0,1080.0,0,9,1,1
441.0,1080.0,0,9,1,1
437.0,1080.0,0,9,1,1
433.0,1080.0,0,9,1,1
430.0,1080.0,0,9,1,1
424.0,1081.0,0,9,1,1
420.0,1083.0,0,9,1,1
416.0,1085.0,0,9,1,1
412.0,1089.0,0,9,1,1
409.0,1092.0,0,9,1,1
406.0,1095.0,0,9,1,1
404.0,1098.0,0,9,1,1
402.0,1101.0,0,9,1,1
399.0,1105.0,0,9,1,1
398.0,1107.0,0,9,1,1
396.0,1111.0,0,9,1,1
394.0,1114.0,0,9,1,1
394.0,1119.0,0,9,1,1
393.0,1123.0,0,9,1,1
393.0,1127.0,0,9,1,1
393.0,1131.0,0,9,1,1
393.0,1134.0,0,9,1,1
393.0,1138.0,0,9,1,1
393.0,1141.0,0,9,1,1
393.0,1142.0,0,9,1,1
393.0,1145.0,0,9,1,1
393.0,1148.0,0,9,1,1
393.0,1149.0,0,9,1,1
393.0,1169.0,0,9,1,1
393.0,1170.0,0,9,1,1
393.0,1172.0,0,9,1,1
393.0,1192.0,0,9,1,1
395.0,1194.0,0,9,1,1
396.0,1194.0,0,9,1,1
396.0,1214.0,0,9,1,1
397.0,1215.0,0,9,1,1
397.0,1217.0,0,9,1,1
397.0,1237.0,0,9,1,1
397.0,1238.0,0,9,1,1
397.0,1258.0,0,9,1,1
398.0,1259.0,0,9,1,1
399.0,1259.0,0,9,1,1
399.0,1279.0,0,9,1,1
400.0,1279.0,0,9,1,1
400.0,1299.0,0,9,1,1
401.0,1299.0,0,9,1,1
401.0,1319.0,0,9,1,1
401.0,1339.0,0,9,1,1
401.0,1359.0,0,9,1,1
402.0,1359.0,0,9,1,1
402.0,1379.0,0,9,1,1
402.0,1399.0,0,9,1,1
403.0,1399.0,0,9,1,1
404.0,1398.0,0,9,1,1
404.0,1418.0,0,9,1,1
406.0,1416.0,0,9,1,1
406.0,1436.0,0,9,1,1
408.0,1436.0,0,9,1,1
409.0,1434.0,0,9,1,1
409.0,1454.0,0,9,1,1
411.0,1454.0,0,9,1,1
412.0,1454.0,0,9,1,1
413.0,1453.0,0,9,1,1
413.0,1473.0,0,9,1,1
415.0,1472.0,0,9,1,1
415.0,1492.0,0,9,1,1
417.0,1491.0,0,9,1,1
418.0,1491.0,0,9,1,1
418.0,1511.0,0,9,1,1
421.0,1509.0,0,9,1,1
424.0,1508.0,0,9,1,1
424.0,1528.0,0,9,1,1
428.0,1527.0,0,9,1,1
432.0,1525.0,0,9,1,1
432.0,1545.0,0,9,1,1
439.0,1542.0,0,9,1,1
445.0,1540.0,0,9,1,1
445.0,1560.0,0,9,1,1
451.0,1557.0,0,9,1,1
458.0,1554.0,0,9,1,1
458.0,1574.0,0,9,1,1
465.0,1570.0,0,9,1,1
474.0,1567.0,0,9,1,1
474.0,1587.0,0,9,1,1
483.0,1583.0,0,9,1,1
492.0,1580.0,0,9,1,1
492.0,1600.0,0,9,1,1
504.0,1596.0,0,9,1,1
518.0,1589.0,0,9,1,1
518.0,1609.0,0,9,1,1
533.0,1605.0,0,9,1,1
547.0,1600.0,0,9,1,1
547.0,1620.0,0,9,1,1
565.0,1612.0,0,9,1,1
587.0,1602.0,0,9,1,1
587.0,1622.0,0,9,1,1
608.0,1614.0,0,9,1,1
628.0,1609.0,0,9,1,1
628.0,1629.0,0,9,1,1
649.0,1623.0,0,9,1,1
664.0,1619.0,0,9,1,1
676.0,1636.0,0,9,1,1
664.0,1639.0,0,9,1,1
688.0,1632.0,0,9,1,1
688.0,1652.0,0,9,1,1
700.0,1648.0,0,9,1,1
712.0,1645.0,0,9,1,1
712.0,1665.0,0,9,1,1
726.0,1660.0,0,9,1,1
738.0,1656.0,0,9,1,1
738.0,1676.0,0,9,1,1
750.0,1670.0,0,9,1,1
763.0,1665.0,0,9,1,1
763.0,1685.0,0,9,1,1
775.0,1679.0,0,9,1,1
789.0,1672.0,0,9,1,1
789.0,1692.0,0,9,1,1
798.0,1686.0,0,9,1,1
805.0,1681.0,0,9,1,1
805.0,1701.0,0,9,1,1
813.0,1697.0,0,9,1,1
818.0,1695.0,0,9,1,1
821.0,1692.0,0,9,1,1
826.0,1687.0,0,9,1,1
829.0,1682.0,0,9,1,1
834.0,1677.0,0,9,1,1
840.0,1672.0,0,9,1,1
844.0,1669.0,0,9,1,1
846.0,1666.0,0,9,1,1
847.0,1666.0,0,9,1,1
847.0,1664.0,0,9,1,1
847.0,1663.0,0,9,1,1
847.0,1662.0,0,9,1,1
847.0,1660.0,0,9,1,1
846.0,1659.0,0,9,1,1
845.0,1655.0,0,9,1,1
843.0,1652.0,0,9,1,1
840.0,1648.0,0,9,1,1
835.0,1642.0,0,9,1,1
827.0,1635.0,0,9,1,1
818.0,1629.0,0,9,1,1
809.0,1622.0,0,9,1,1
798.0,1617.0,0,9,1,1
788.0,1610.0,0,9,1,1
777.0,1604.0,0,9,1,1
766.0,1598.0,0,9,1,1
752.0,1591.0,0,9,1,1
742.0,1587.0,0,9,1,1
730.0,1582.0,0,9,1,1
718.0,1581.0,0,9,1,1
706.0,1579.0,0,9,1,1
694.0,1579.0,0,9,1,1
681.0,1579.0,0,9,1,1
668.0,1579.0,0,9,1,1
656.0,1579.0,0,9,1,1
644.0,1583.0,0,9,1,1
632.0,1585.0,0,9,1,1
620.0,1592.0,0,9,1,1
608.0,1597.0,0,9,1,1
608.0,1577.0,0,9,1,1
594.0,1586.0,0,9,1,1
581.0,1594.0,0,9,1,1
581.0,1574.0,0,9,1,1
569.0,1585.0,0,9,1,1
556.0,1595.0,0,9,1,1
556.0,1575.0,0,9,1,1
542.0,1587.0,0,9,1,1
529.0,1596.0,0,9,1,1
529.0,1576.0,0,9,1,1
517.0,1587.0,0,9,1,1
503.0,1597.0,0,9,1,1
503.0,1577.0,0,9,1,1
489.0,1587.0,0,9,1,1
479.0,1596.0,0,9,1,1
479.0,1576.0,0,9,1,1
470.0,1584.0,0,9,1,1
461.0,1592.0,0,9,1,1
461.0,1572.0,0,9,1,1
453.0,1580.0,0,9,1,1
445.0,1588.0,0,9,1,1
437.0,1597.0,0,9,1,1
432.0,1605.0,0,9,1,1
427.0,1612.0,0,9,1,1
425.0,1619.0,0,9,1,1
423.0,1628.0,0,9,1,1
423.0,1637.0,0,9,1,1
423.0,1647.0,0,9,1,1
423.0,1657.0,0,9,1,1
423.0,1665.0,0,9,1,1
423.0,1673.0,0,9,1,1
424.0,1680.0,0,9,1,1
425.0,1689.0,0,9,1,1
427.0,1699.0,0,9,1,1
429.0,1706.0,0,9,1,1
434.0,1715.0,0,9,1,1
438.0,1724.0,0,9,1,1
441.0,1732.0,0,9,1,1
445.0,1741.0,0,9,1,1
450.0,1750.0,0,9,1,1
454.0,1756.0,0,9,1,1
459.0,1762.0,0,9,1,1
463.0,1766.0,0,9,1,1
468.0,1771.0,0,9,1,1
474.0,1775.0,0,9,1,1
479.0,1778.0,0,9,1,1
487.0,1781.0,0,9,1,1
495.0,1783.0,0,9,1,1
509.0,1784.0,0,9,1,1
522.0,1784.0,0,9,1,1
537.0,1784.0,0,9,1,1
555.0,1784.0,0,9,1,1
572.0,1784.0,0,9,1,1
587.0,1784.0,0,9,1,1
603.0,1784.0,0,9,1,1
620.0,1782.0,0,9,1,1
647.0,1774.0,0,9,1,1
678.0,1764.0,0,9,1,1
720.0,1744.0,0,9,1,1
760.0,1724.0,0,9,1,1
806.0,1701.0,0,9,1,1
849.0,1679.0,0,9,1,1
893.0,1648.0,0,9,1,1
938.0,1613.0,0,9,1,1
985.0,1582.0,0,9,1,1
1022.0,1558.0,0,9,1,1
1056.0,1535.0,0,9,1,1
1080.0,1518.0,0,9,1,1
1101.0,1502.0,0,9,1,1
1119.0,1489.0,0,9,1,1
1131.0,1480.0,0,9,1,1
1144.0,1469.0,0,9,1,1
1155.0,1460.0,0,9,1,1
1164.0,1449.0,0,9,1,1
1172.0,1442.0,0,9,1,1
1178.0,1434.0,0,9,1,1
1182.0,1427.0,0,9,1,1
1187.0,1421.0,0,9,1,1
1189.0,1413.0,0,9,1,1
1193.0,1408.0,0,9,1,1
1197.0,1400.0,0,9,1,1
1200.0,1393.0,0,9,1,1
1201.0,1387.0,0,9,1,1
1202.0,1384.0,0,9,1,1
1203.0,1381.0,0,9,1,1
1203.0,1378.0,0,9,1,1
1203.0,1377.0,0,9,1,1
1203.0,1374.0,0,9,1,1
1203.0,1373.0,0,9,1,1
1203.0,1372.0,0,9,1,1
1203.0,1371.0,0,9,1,1
1202.0,1369.0,0,9,1,1
1200.0,1369.0,0,9,1,1
1198.0,1368.0,0,9,1,1
1195.0,1368.0,0,9,1,1
1190.0,1368.0,0,9,1,1
1183.0,1368.0,0,9,1,1
1176.0,1368.0,0,9,1,1
1167.0,1369.0,0,9,1,1
1156.0,1369.0,0,9,1,1
1156.0,1349.0,0,9,1,1
1142.0,1349.0,0,9,1,1
1129.0,1350.0,0,9,1,1
1129.0,1330.0,0,9,1,1
1114.0,1333.0,0,9,1,1
1097.0,1334.0,0,9,1,1
1097.0,1314.0,0,9,1,1
1078.0,1318.0,0,9,1,1
1052.0,1322.0,0,9,1,1
1052.0,1302.0,0,9,1,1
1026.0,1307.0,0,9,1,1
992.0,1317.0,0,9,1,1
992.0,1297.0,0,9,1,1
960.0,1309.0,0,9,1,1
932.0,1320.0,0,9,1,1
932.0,1300.0,0,9,1,1
907.0,1311.0,0,9,1,1
885.0,1321.0,0,9,1,1
885.0,1301.0,0,9,1,1
859.0,1312.0,0,9,1,1
835.0,1321.0,0,9,1,1
835.0,1301.0,0,9,1,1
809.0,1312.0,0,9,1,1
790.0,1321.0,0,9,1,1
790.0,1301.0,0,9,1,1
751.0,1316.0,0,9,1,1
733.0,1322.0,0,9,1,1
720.0,1326.0,0,9,1,1
708.0,1328.0,0,9,1,1
701.0,1329.0,0,9,1,1
693.0,1332.0,0,9,1,1
690.0,1333.0,0,9,1,1
686.0,1334.0,0,9,1,1
682.0,1336.0,0,9,1,1
679.0,1338.0,0,9,1,1
676.0,1340.0,0,9,1,1
672.0,1343.0,0,9,1,1
667.0,1349.0,0,9,1,1
663.0,1352.0,0,9,1,1
657.0,1355.0,0,9,1,1
652.0,1361.0,0,9,1,1
648.0,1365.0,0,9,1,1
643.0,1368.0,0,9,1,1
641.0,1371.0,0,9,1,1
636.0,1374.0,0,9,1,1
632.0,1375.0,0,9,1,1
628.0,1377.0,0,9,1,1
625.0,1379.0,0,9,1,1
624.0,1380.0,0,9,1,1
622.0,1382.0,0,9,1,1
621.0,1383.0,0,9,1,1
620.0,1384.0,0,9,1,1
620.0,1385.0,0,9,1,1
1074.0,960.0,0,9,1,1
1076.0,959.0,0,9,1,1
1079.0,958.0,0,9,1,1
1082.0,957.0,0,9,1,1
1087.0,955.0,0,9,1,1
1092.0,954.0,0,9,1,1
1098.0,951.0,0,9,1,1
1103.0,950.0,0,9,1,1
1110.0,948.0,0,9,1,1
1118.0,945.0,0,9,1,1
1124.0,945.0,0,9,1,1
1130.0,943.0,0,9,1,1
1134.0,942.0,0,9,1,1
1141.0,941.0,0,9,1,1
1146.0,941.0,0,9,1,1
1151.0,939.0,0,9,1,1
1155.0,939.0,0,9,1,1
1158.0,939.0,0,9,1,1
1161.0,939.0,0,9,1,1
1164.0,939.0,0,9,1,1
1169.0,937.0,0,9,1,1
1173.0,937.0,0,9,1,1
1179.0,937.0,0,9,1,1
1184.0,937.0,0,9,1,1
1188.0,937.0,0,9,1,1
1193.0,937.0,0,9,1,1
1196.0,937.0,0,9,1,1
1197.0,937.0,0,9,1,1
1199.0,937.0,0,9,1,1
1201.0,937.0,0,9,1,1
1203.0,937.0,0,9,1,1
1204.0,937.0,0,9,1,1
1205.0,937.0,0,9,1,1
1206.0,937.0,0,9,1,1
1207.0,937.0,0,9,1,1
1210.0,937.0,0,9,1,1
1211.0,937.0,0,9,1,1
1213.0,937.0,0,9,1,1
1216.0,937.0,0,9,1,1
1218.0,937.0,0,9,1,1
1219.0,937.0,0,9,1,1
1220.0,937.0,0,9,1,1
64,30,65,31,0
768.0,602.0,0,9,0,1
769.0,602.0,0,9,0,1
770.0,602.0,0,9,0,1
771.0,602.0,0,9,0,1
772.0,602.0,0,9,0,1
773.0,602.0,0,9,0,1
774.0,602.0,0,9,0,1
775.0,602.0,0,9,0,1
776.0,602.0,0,9,0,1
777.0,602.0,0,9,0,1
778.0,602.0,0,9,0,1
779.0,602.0,0,9,0,1
780.0,602.0,0,9,0,1
781.0,602.0,0,9,0,1
782.0,602.0,0,9,0,1
783.0,602.0,0,9,0,1
784.0,602.0,0,9,0,1
786.0,602.0,0,9,0,1
788.0,602.0,0,9,0,1
791.0,602.0,0,9,0,1
795.0,602.0,0,9,0,1
796.0,602.0,0,9,0,1
800.0,601.0,0,9,0,1
802.0,601.0,0,9,0,1
803.0,601.0,0,9,0,1
804.0,601.0,0,9,0,1
805.0,601.0,0,9,0,1
806.0,601.0,0,9,0,1
808.0,601.0,0,9,0,1
810.0,601.0,0,9,0,1
811.0,601.0,0,9,0,1
813.0,601.0,0,9,0,1
816.0,601.0,0,9,0,1
817.0,601.0,0,9,0,1
819.0,601.0,0,9,0,1
821.0,601.0,0,9,0,1
822.0,601.0,0,9,0,1
823.0,601.0,0,9,0,1
824.0,601.0,0,9,0,1
825.0,601.0,0,9,0,1
826.0,601.0,0,9,0,1
827.0,601.0,0,9,0,1
828.0,601.0,0,9,0,1
829.0,601.0,0,9,0,1
830.0,601.0,0,9,0,1
832.0,601.0,0,9,0,1
833.0,601.0,0,9,0,1
834.0,601.0,0,9,0,1
835.0,601.0,0,9,0,1
836.0,601.0,0,9,0,1
838.0,601.0,0,9,0,1
839.0,601.0,0,9,0,1
840.0,601.0,0,9,0,1
841.0,601.0,0,9,0,1
842.0,601.0,0,9,0,1
843.0,601.0,0,9,0,1
844.0,601.0,0,9,0,1
845.0,602.0,0,9,0,1
846.0,603.0,0,9,0,1
847.0,603.0,0,9,0,1
849.0,603.0,0,9,0,1
850.0,603.0,0,9,0,1
851.0,604.0,0,9,0,1
851.0,605.0,0,9,0,1
851.0,606.0,0,9,0,1
851.0,607.0,0,9,0,1
851.0,608.0,0,9,0,1
851.0,609.0,0,9,0,1
851.0,610.0,0,9,0,1
852.0,610.0,0,9,0,1
853.0,610.0,0,9,0,1
854.0,610.0,0,9,0,1
855.0,610.0,0,9,0,1
856.0,610.0,0,9,0,1
857.0,610.0,0,9,0,1
858.0,610.0,0,9,0,1
860.0,610.0,0,9,0,1
861.0,609.0,0,9,0,1
862.0,609.0,0,9,0,1
862.0,608.0,0,9,0,1
863.0,608.0,0,9,0,1
864.0,608.0,0,9,0,1
864.0,607.0,0,9,0,1
866.0,607.0,0,9,0,1
867.0,607.0,0,9,0,1
868.0,607.0,0,9,0,1
888.0,607.0,0,9,0,1
908.0,607.0,0,9,0,1
928.0,607.0,0,9,0,1
948.0,607.0,0,9,0,1
968.0,607.0,0,9,0,1
988.0,607.0,0,9,0,1
1008.0,607.0,0,9,0,1
1028.0,607.0,0,9,0,1
1048.0,607.0,0,9,0,1
1068.0,607.0,0,9,0,1
1088.0,607.0,0,9,0,1
1108.0,607.0,0,9,0,1
1128.0,607.0,0,9,0,1
1148.0,607.0,0,9,0,1
1168.0,607.0,0,9,0,1
1188.0,607.0,0,9,0,1
1208.0,607.0,0,9,0,1
1228.0,607.0,0,9,0,1
1248.0,607.0,0,9,0,1
1268.0,607.0,0,9,0,1
1288.0,607.0,0,9,0,1
1308.0,607.0,0,9,0,1
1328.0,607.0,0,9,0,1
1348.0,607.0,0,9,0,1
1368.0,607.0,0,9,0,1
1388.0,607.0,0,9,0,1
1408.0,607.0,0,9,0,1
1428.0,607.0,0,9,0,1
1448.0,607.0,0,9,0,1
1468.0,607.0,0,9,0,1
1488.0,607.0,0,9,0,1
1508.0,607.0,0,9,0,1
1528.0,607.0,0,9,0,1
1548.0,607.0,0,9,0,1
1568.0,607.0,0,9,0,1
1588.0,607.0,0,9,0,1
1608.0,607.0,0,9,0,1
1628.0,607.0,0,9,0,1
1648.0,607.0,0,9,0,1
1668.0,607.0,0,9,0,1
1688.0,607.0,0,9,0,1
1708.0,607.0,0,9,0,1
1728.0,607.0,0,9,0,1
1748.0,607.0,0,9,0,1
1768.0,607.0,0,9,0,1
1788.0,607.0,0,9,0,1
1808.0,607.0,0,9,0,1
1828.0,607.0,0,9,0,1
1848.0,607.0,0,9,0,1
1868.0,607.0,0,9,0,1
1888.0,607.0,0,9,0,1
1908.0,607.0,0,9,0,1
1928.0,607.0,0,9,0,1
1948.0,607.0,0,9,0,1
1968.0,607.0,0,9,0,1
1988.0,607.0,0,9,0,1
2008.0,607.0,0,9,0,1
2028.0,607.0,0,9,0,1
2048.0,607.0,0,9,0,1
2068.0,607.0,0,9,0,1
2088.0,607.0,0,9,0,1
2108.0,607.0,0,9,0,1
2128.0,607.0,0,9,0,1
2148.0,607.0,0,9,0,1
2168.0,607.0,0,9,0,1
2188.0,607.0,0,9,0,1
2208.0,607.0,0,9,0,1
2228.0,607.0,0,9,0,1
2248.0,607.0,0,9,0,1
2268.0,607.0,0,9,0,1
2288.0,607.0,0,9,0,1
2308.0,607.0,0,9,0,1
2328.0,607.0,0,9,0,1
2348.0,607.0,0,9,0,1
2368.0,607.0,0,9,0,1
2388.0,607.0,0,9,0,1
2408.0,607.0,0,9,0,1
2428.0,607.0,0,9,0,1
2448.0,607.0,0,9,0,1
2468.0,607.0,0,9,0,1
2488.0,607.0,0,9,0,1
2508.0,607.0,0,9,0,1
2528.0,607.0,0,9,0,1
2548.0,607.0,0,9,0,1
2568.0,607.0,0,9,0,1
2568.0,627.0,0,9,0,1
2568.0,647.0,0,9,0,1
2568.0,667.0,0,9,0,1
2568.0,687.0,0,9,0,1
2568.0,707.0,0,9,0,1
2568.0,727.0,0,9,0,1
2568.0,747.0,0,9,0,1
2568.0,767.0,0,9,0,1
2568.0,787.0,0,9,0,1
2568.0,807.0,0,9,0,1
2568.0,827.0,0,9,0,1
2568.0,847.0,0,9,0,1
2568.0,867.0,0,9,0,1
2568.0,887.0,0,9,0,1
2568.0,907.0,0,9,0,1
2568.0,927.0,0,9,0,1
2568.0,947.0,0,9,0,1
2568.0,967.0,0,9,0,1
2568.0,987.0,0,9,0,1
2568.0,1007.0,0,9,0,1
2568.0,1027.0,0,9,0,1
2568.0,1047.0,0,9,0,1
2568.0,1067.0,0,9,0,1
2568.0,1087.0,0,9,0,1
2568.0,1107.0,0,9,0,1
2568.0,1127.0,0,9,0,1
2568.0,1147.0,0,9,0,1
2568.0,1167.0,0,9,0,1
2568.0,1187.0,0,9,0,1
2568.0,1207.0,0,9,0,1
2568.0,1227.0,0,9,0,1
2568.0,1247.0,0,9,0,1
2568.0,1267.0,0,9,0,1
2568.0,1287.0,0,9,0,1
2568.0,1307.0,0,9,0,1
2568.0,1327.0,0,9,0,1
2568.0,1347.0,0,9,0,1
2568.0,1367.0,0,9,0,1
2568.0,1387.0,0,9,0,1
2568.0,1407.0,0,9,0,1
2568.0,1427.0,0,9,0,1
2568.0,1447.0,0,9,0,1
2568.0,1467.0,0,9,0,1
2568.0,1487.0,0,9,0,1
2568.0,1507.0,0,9,0,1
2568.0,1527.0,0,9,0,1
2568.0,1547.0,0,9,0,1
2568.0,1567.0,0,9,0,1
2568.0,1587.0,0,9,0,1
2568.0,1607.0,0,9,0,1
2568.0,1627.0,0,9,0,1
2568.0,1647.0,0,9,0,1
2568.0,1667.0,0,9,0,1
2568.0,1687.0,0,9,0,1
2568.0,1707.0,0,9,0,1
2568.0,1727.0,0,9,0,1
2568.0,1747.0,0,9,0,1
2568.0,1767.0,0,9,0,1
2568.0,1787.0,0,9,0,1
2568.0,1807.0,0,9,0,1
2568.0,1827.0,0,9,0,1
2568.0,1847.0,0,9,0,1
2568.0,1867.0,0,9,0,1
2568.0,1887.0,0,9,0,1
2568.0,1907.0,0,9,0,1
2568.0,1927.0,0,9,0,1
2568.0,1947.0,0,9,0,1
2568.0,1967.0,0,9,0,1
2568.0,1987.0,0,9,0,1
2568.0,2007.0,0,9,0,1
2568.0,2027.0,0,9,0,1
2568.0,2047.0,0,9,0,1
2568.0,2067.0,0,9,0,1
2568.0,2087.0,0,9,0,1
2568.0,2107.0,0,9,0,1
2568.0,2127.0,0,9,0,1
2568.0,2147.0,0,9,0,1
2568.0,2167.0,0,9,0,1
2568.0,2187.0,0,9,0,1
2568.0,2207.0,0,9,0,1
2568.0,2227.0,0,9,0,1
2568.0,2247.0,0,9,0,1
2568.0,2267.0,0,9,0,1
2568.0,2287.0,0,9,0,1
2548.0,2287.0,0,9,0,1
2528.0,2287.0,0,9,0,1
2508.0,2287.0,0,9,0,1
2488.0,2287.0,0,9,0,1
2468.0,2287.0,0,9,0,1
2448.0,2287.0,0,9,0,1
2428.0,2287.0,0,9,0,1
2408.0,2287.0,0,9,0,1
2388.0,2287.0,0,9,0,1
2368.0,2287.0,0,9,0,1
2348.0,2287.0,0,9,0,1
2328.0,2287.0,0,9,0,1
2308.0,2287.0,0,9,0,1
2288.0,2287.0,0,9,0,1
2268.0,2287.0,0,9,0,1
2248.0,2287.0,0,9,0,1
2228.0,2287.0,0,9,0,1
2208.0,2287.0,0,9,0,1
2188.0,2287.0,0,9,0,1
2168.0,2287.0,0,9,0,1
2148.0,2287.0,0,9,0,1
2128.0,2287.0,0,9,0,1
2108.0,2287.0,0,9,0,1
2088.0,2287.0,0,9,0,1
2068.0,2287.0,0,9,0,1
2048.0,2287.0,0,9,0,1
2028.0,2287.0,0,9,0,1
2008.0,2287.0,0,9,0,1
1988.0,2287.0,0,9,0,1
1968.0,2287.0,0,9,0,1
1948.0,2287.0,0,9,0,1
1928.0,2287.0,0,9,0,1
1908.0,2287.0,0,9,0,1
1888.0,2287.0,0,9,0,1
1868.0,2287.0,0,9,0,1
1848.0,2287.0,0,9,0,1
1828.0,2287.0,0,9,0,1
1808.0,2287.0,0,9,0,1
1788.0,2287.0,0,9,0,1
1768.0,2287.0,0,9,0,1
1748.0,2287.0,0,9,0,1
1728.0,2287.0,0,9,0,1
1708.0,2287.0,0,9,0,1
1688.0,2287.0,0,9,0,1
1668.0,2287.0,0,9,0,1
1648.0,2287.0,0,9,0,1
1628.0,2287.0,0,9,0,1
1608.0,2287.0,0,9,0,1
1588.0,2287.0,0,9,0,1
1568.0,2287.0,0,9,0,1
1548.0,2287.0,0,9,0,1
1528.0,2287.0,0,9,0,1
1508.0,2287.0,0,9,0,1
1508.0,2267.0,0,9,0,1
1488.0,2267.0,0,9,0,1
1488.0,2247.0,0,9,0,1
1468.0,2247.0,0,9,0,1
1468.0,2227.0,0,9,0,1
1448.0,2227.0,0,9,0,1
1448.0,2207.0,0,9,0,1
1448.0,2187.0,0,9,0,1
1448.0,2167.0,0,9,0,1
1448.0,2147.0,0,9,0,1
1448.0,2127.0,0,9,0,1
1448.0,2107.0,0,9,0,1
1448.0,2087.0,0,9,0,1
1448.0,2067.0,0,9,0,1
1448.0,2047.0,0,9,0,1
1448.0,2027.0,0,9,0,1
1448.0,2007.0,0,9,0,1
1448.0,1987.0,0,9,0,1
1448.0,1967.0,0,9,0,1
1448.0,1947.0,0,9,0,1
1448.0,1927.0,0,9,0,1
1448.0,1907.0,0,9,0,1
1448.0,1887.0,0,9,0,1
1448.0,1867.0,0,9,0,1
1448.0,1847.0,0,9,0,1
1448.0,1827.0,0,9,0,1
1448.0,1807.0,0,9,0,1
1448.0,1787.0,0,9,0,1
1448.0,1767.0,0,9,0,1
1448.0,1747.0,0,9,0,1
1448.0,1727.0,0,9,0,1
1448.0,1707.0,0,9,0,1
1448.0,1687.0,0,9,0,1
1448.0,1667.0,0,9,0,1
1448.0,1647.0,0,9,0,1
1448.0,1627.0,0,9,0,1
1448.0,1607.0,0,9,0,1
1448.0,1587.0,0,9,0,1
1448.0,1567.0,0,9,0,1
1448.0,1547.0,0,9,0,1
1448.0,1527.0,0,9,0,1
1448.0,1507.0,0,9,0,1
1448.0,1487.0,0,9,0,1
1448.0,1467.0,0,9,0,1
1448.0,1447.0,0,9,0,1
1448.0,1427.0,0,9,0,1
1448.0,1407.0,0,9,0,1
1448.0,1387.0,0,9,0,1
1448.0,1367.0,0,9,0,1
1448.0,1347.0,0,9,0,1
1448.0,1327.0,0,9,0,1
1448.0,1307.0,0,9,0,1
1448.0,1287.0,0,9,0,1
1448.0,1267.0,0,9,0,1
1448.0,1247.0,0,9,0,1
1448.0,1227.0,0,9,0,1
1448.0,1207.0,0,9,0,1
1448.0,1187.0,0,9,0,1
1448.0,1167.0,0,9,0,1
1448.0,1147.0,0,9,0,1
1448.0,1127.0,0,9,0,1
1448.0,1107.0,0,9,0,1
1448.0,1087.0,0,9,0,1
1448.0,1067.0,0,9,0,1
1448.0,1047.0,0,9,0,1
1448.0,1027.0,0,9,0,1
1468.0,1027.0,0,9,0,1
1488.0,1027.0,0,9,0,1
1508.0,1027.0,0,9,0,1
1528.0,1027.0,0,9,0,1
1548.0,1027.0,0,9,0,1
1568.0,1027.0,0,9,0,1
1588.0,1027.0,0,9,0,1
1608.0,1027.0,0,9,0,1
1628.0,1027.0,0,9,0,1
1648.0,1027.0,0,9,0,1
1668.0,1027.0,0,9,0,1
1688.0,1027.0,0,9,0,1
1708.0,1027.0,0,9,0,1
1728.0,1027.0,0,9,0,1
1748.0,1027.0,0,9,0,1
1768.0,1027.0,0,9,0,1
1788.0,1027.0,0,9,0,1
1808.0,1027.0,0,9,0,1
1828.0,1027.0,0,9,0,1
1848.0,1027.0,0,9,0,1
1868.0,1027.0,0,9,0,1
1888.0,1027.0,0,9,0,1
1908.0,1027.0,0,9,0,1
1928.0,1027.0,0,9,0,1
1948.0,1027.0,0,9,0,1
1968.0,1027.0,0,9,0,1
1988.0,1027.0,0,9,0,1
2008.0,1027.0,0,9,0,1
2028.0,1027.0,0,9,0,1
2048.0,1027.0,0,9,0,1
2068.0,1027.0,0,9,0,1
2088.0,1027.0,0,9,0,1
2108.0,1027.0,0,9,0,1
2128.0,1027.0,0,9,0,1
2148.0,1027.0,0,9,0,1
2168.0,1027.0,0,9,0,1
2188.0,1027.0,0,9,0,1
2188.0,1047.0,0,9,0,1
2188.0,1067.0,0,9,0,1
2188.0,1087.0,0,9,0,1
2188.0,1107.0,0,9,0,1
2188.0,1127.0,0,9,0,1
2188.0,1147.0,0,9,0,1
2188.0,1167.0,0,9,0,1
2188.0,1187.0,0,9,0,1
2188.0,1207.0,0,9,0,1
2188.0,1227.0,0,9,0,1
2188.0,1247.0,0,9,0,1
2188.0,1267.0,0,9,0,1
2188.0,1287.0,0,9,0,1
2188.0,1307.0,0,9,0,1
2188.0,1327.0,0,9,0,1
2188.0,1347.0,0,9,0,1
2188.0,1367.0,0,9,0,1
2188.0,1387.0,0,9,0,1
2188.0,1407.0,0,9,0,1
2188.0,1427.0,0,9,0,1
2188.0,1447.0,0,9,0,1
2188.0,1467.0,0,9,0,1
2188.0,1487.0,0,9,0,1
2188.0,1507.0,0,9,0,1
2188.0,1527.0,0,9,0,1
2188.0,1547.0,0,9,0,1
2188.0,1567.0,0,9,0,1
2188.0,1587.0,0,9,0,1
2188.0,1607.0,0,9,0,1
2188.0,1627.0,0,9,0,1
2188.0,1647.0,0,9,0,1
2188.0,1667.0,0,9,0,1
2188.0,1687.0,0,9,0,1
2188.0,1707.0,0,9,0,1
2188.0,1727.0,0,9,0,1
2188.0,1747.0,0,9,0,1
2188.0,1767.0,0,9,0,1
2188.0,1787.0,0,9,0,1
2188.0,1807.0,0,9,0,1
2188.0,1827.0,0,9,0,1
2188.0,1847.0,0,9,0,1
2188.0,1867.0,0,9,0,1
2188.0,1887.0,0,9,0,1
2188.0,1907.0,0,9,0,1
2188.0,1927.0,0,9,0,1
2188.0,1947.0,0,9,0,1
2188.0,1967.0,0,9,0,1
96,95,97,96,0
2190.0,1901.0,0,9,0,1
2189.0,1901.0,0,9,0,1
2188.0,1901.0,0,9,0,1
2187.0,1901.0,0,9,0,1
2186.0,1901.0,0,9,0,1
2185.0,1901.0,0,9,0,1
2184.0,1901.0,0,9,0,1
2182.0,1901.0,0,9,0,1
2181.0,1901.0,0,9,0,1
2180.0,1901.0,0,9,0,1
2179.0,1901.0,0,9,0,1
2178.0,1901.0,0,9,0,1
2177.0,1901.0,0,9,0,1
2176.0,1901.0,0,9,0,1
2156.0,1901.0,0,9,0,1
2136.0,1901.0,0,9,0,1
2116.0,1901.0,0,9,0,1
2096.0,1901.0,0,9,0,1
2076.0,1901.0,0,9,0,1
2056.0,1901.0,0,9,0,1
2036.0,1901.0,0,9,0,1
2016.0,1901.0,0,9,0,1
1996.0,1901.0,0,9,0,1
1976.0,1901.0,0,9,0,1
1956.0,1901.0,0,9,0,1
1936.0,1901.0,0,9,0,1
1916.0,1901.0,0,9,0,1
1896.0,1901.0,0,9,0,1
1895.0,1901.0,0,9,0,1
1894.0,1901.0,0,9,0,1
1893.0,1900.0,0,9,0,1
1892.0,1900.0,0,9,0,1
1890.0,1900.0,0,9,0,1
1889.0,1899.0,0,9,0,1
1888.0,1899.0,0,9,0,1
1887.0,1899.0,0,9,0,1
1887.0,1898.0,0,9,0,1
1886.0,1898.0,0,9,0,1
1885.0,1898.0,0,9,0,1
1884.0,1898.0,0,9,0,1
1884.0,1897.0,0,9,0,1
1883.0,1897.0,0,9,0,1
1882.0,1897.0,0,9,0,1
1881.0,1897.0,0,9,0,1
1880.0,1897.0,0,9,0,1
1879.0,1897.0,0,9,0,1
1878.0,1897.0,0,9,0,1
1877.0,1897.0,0,9,0,1
1876.0,1897.0,0,9,0,1
1875.0,1897.0,0,9,0,1
1874.0,1897.0,0,9,0,1
1873.0,1897.0,0,9,0,1
1872.0,1897.0,0,9,0,1
1871.0,1897.0,0,9,0,1
1870.0,1897.0,0,9,0,1
1869.0,1897.0,0,9,0,1
1868.0,1897.0,0,9,0,1
1867.0,1897.0,0,9,0,1
1866.0,1897.0,0,9,0,1
1865.0,1897.0,0,9,0,1
1864.0,1897.0,0,9,0,1
1863.0,1897.0,0,9,0,1
1862.0,1897.0,0,9,0,1
1861.0,1897.0,0,9,0,1
1860.0,1897.0,0,9,0,1
1859.0,1897.0,0,9,0,1
1858.0,1897.0,0,9,0,1
1857.0,1897.0,0,9,0,1
1856.0,1897.0,0,9,0,1
1855.0,1897.0,0,9,0,1
1854.0,1897.0,0,9,0,1
1853.0,1897.0,0,9,0,1
1852.0,1897.0,0,9,0,1
1851.0,1897.0,0,9,0,1
1850.0,1897.0,0,9,0,1
1849.0,1897.0,0,9,0,1
1848.0,1897.0,0,9,0,1
1847.0,1897.0,0,9,0,1
1846.0,1897.0,0,9,0,1
1845.0,1897.0,0,9,0,1
1844.0,1897.0,0,9,0,1
1843.0,1897.0,0,9,0,1
1842.0,1897.0,0,9,0,1
1842.0,1898.0,0,9,0,1
1842.0,1899.0,0,9,0,1
1842.0,1900.0,0,9,0,1
1842.0,1901.0,0,9,0,1
1841.0,1901.0,0,9,0,1
1841.0,1902.0,0,9,0,1
1841.0,1903.0,0,9,0,1
1840.0,1904.0,0,9,0,1
1839.0,1904.0,0,9,0,1
1838.0,1905.0,0,9,0,1
1838.0,1906.0,0,9,0,1
1837.0,1906.0,0,9,0,1
1836.0,1906.0,0,9,0,1
1835.0,1906.0,0,9,0,1
1834.0,1906.0,0,9,0,1
1833.0,1906.0,0,9,0,1
1832.0,1906.0,0,9,0,1
1831.0,1906.0,0,9,0,1
1831.0,1905.0,0,9,0,1
1830.0,1905.0,0,9,0,1
1829.0,1905.0,0,9,0,1
1828.0,1905.0,0,9,0,1
1828.0,1904.0,0,9,0,1
1827.0,1904.0,0,9,0,1
1827.0,1903.0,0,8,0,1
1826.0,1903.0,0,8,0,1
1825.0,1902.0,0,8,0,1
1824.0,1902.0,0,8,0,1
1823.0,1902.0,0,8,0,1
1822.0,1902.0,0,8,0,1
1821.0,1902.0,0,8,0,1
1820.0,1901.0,0,8,0,1
1819.0,1901.0,0,8,0,1
1818.0,1901.0,0,8,0,1
1817.0,1901.0,0,8,0,1
1816.0,1901.0,0,8,0,1
1814.0,1901.0,0,8,0,1
1812.0,1901.0,0,8,0,1
1811.0,1901.0,0,8,0,1
1810.0,1901.0,0,8,0,1
1809.0,1901.0,0,8,0,1
1809.0,1881.0,0,8,0,1
1809.0,1861.0,0,8,0,1
1809.0,1841.0,0,8,0,1
1809.0,1821.0,0,8,0,1
1809.0,1801.0,0,8,0,1
1809.0,1781.0,0,8,0,1
1809.0,1761.0,0,8,0,1
1809.0,1741.0,0,8,0,1
1809.0,1721.0,0,8,0,1
1809.0,1701.0,0,8,0,1
1809.0,1681.0,0,8,0,1
1809.0,1661.0,0,8,0,1
1809.0,1641.0,0,8,0,1
1809.0,1621.0,0,8,0,1
1809.0,1601.0,0,8,0,1
1809.0,1581.0,0,8,0,1
1809.0,1561.0,0,8,0,1
1809.0,1541.0,0,8,0,1
1809.0,1521.0,0,8,0,1
1809.0,1501.0,0,8,0,1
1809.0,1481.0,0,8,0,1
1809.0,1461.0,0,8,0,1
1809.0,1441.0,0,8,0,1
1809.0,1421.0,0,8,0,1
1809.0,1401.0,0,8,0,1
1809.0,1381.0,0,8,0,1
2088.0,2096.0,0,2,1,1
2089.0,2096.0,0,2,1,1
2090.0,2096.0,0,2,1,1
2091.0,2096.0,0,2,1,1
2092.0,2096.0,0,2,1,1
2093.0,2096.0,0,2,1,1
2094.0,2096.0,0,2,1,1
2095.0,2096.0,0,2,1,1
2096.0,2096.0,0,2,1,1
2097.0,2096.0,0,2,1,1
2098.0,2096.0,0,2,1,1
2099.0,2096.0,0,2,1,1
2101.0,2096.0,0,2,1,1
2102.0,2096.0,0,2,1,1
2103.0,2096.0,0,2,1,1
2105.0,2096.0,0,2,1,1
2106.0,2096.0,0,2,1,1
2107.0,2096.0,0,2,1,1
2109.0,2096.0,0,2,1,1
2110.0,2096.0,0,2,1,1
2112.0,2096.0,0,2,1,1
2113.0,2096.0,0,2,1,1
2115.0,2096.0,0,2,1,1
2117.0,2096.0,0,2,1,1
2118.0,2096.0,0,2,1,1
2120.0,2096.0,0,2,1,1
2121.0,2096.0,0,2,1,1
2122.0,2096.0,0,2,1,1
2123.0,2096.0,0,2,1,1
2124.0,2096.0,0,2,1,1
2125.0,2096.0,0,2,1,1
2126.0,2096.0,0,2,1,1
2127.0,2096.0,0,2,1,1
2129.0,2096.0,0,2,1,1
2130.0,2096.0,0,2,1,1
2131.0,2096.0,0,2,1,1
2132.0,2096.0,0,2,1,1
2133.0,2096.0,0,2,1,1
2134.0,2096.0,0,2,1,1
2135.0,2096.0,0,2,1,1
2137.0,2096.0,0,2,1,1
2139.0,2096.0,0,2,1,1
2140.0,2096.0,0,2,1,1
2142.0,2096.0,0,2,1,1
2143.0,2096.0,0,2,1,1
2145.0,2096.0,0,2,1,1
2147.0,2096.0,0,2,1,1
2148.0,2096.0,0,2,1,1
2149.0,2096.0,0,2,1,1
2150.0,2096.0,0,2,1,1
2151.0,2096.0,0,2,1,1
2152.0,2096.0,0,2,1,1
2153.0,2096.0,0,2,1,1
2154.0,2096.0,0,2,1,1
2155.0,2096.0,0,2,1,1
2156.0,2096.0,0,2,1,1
2157.0,2096.0,0,2,1,1
2159.0,2096.0,0,2,1,1
2161.0,2096.0,0,2,1,1
2162.0,2096.0,0,2,1,1
2163.0,2096.0,0,2,1,1
2164.0,2096.0,0,2,1,1
2165.0,2096.0,0,2,1,1
2166.0,2096.0,0,2,1,1
2168.0,2096.0,0,2,1,1
2170.0,2096.0,0,2,1,1
2171.0,2096.0,0,2,1,1
2172.0,2096.0,0,2,1,1
2173.0,2096.0,0,2,1,1
2175.0,2096.0,0,2,1,1
2177.0,2096.0,0,2,1,1
2178.0,2096.0,0,2,1,1
2179.0,2096.0,0,2,1,1
2180.0,2096.0,0,2,1,1
2182.0,2096.0,0,2,1,1
2184.0,2096.0,0,2,1,1
2185.0,2096.0,0,2,1,1
2187.0,2096.0,0,2,1,1
2188.0,2096.0,0,2,1,1
2190.0,2096.0,0,2,1,1
2191.0,2096.0,0,2,1,1
2193.0,2096.0,0,2,1,1
2194.0,2096.0,0,2,1,1
2195.0,2096.0,0,2,1,1
2196.0,2096.0,0,2,1,1
2197.0,2096.0,0,2,1,1
2198.0,2096.0,0,2,1,1
2199.0,2096.0,0,2,1,1
2200.0,2096.0,0,2,1,1
2201.0,2096.0,0,2,1,1
2202.0,2096.0,0,2,1,1
2203.0,2096.0,0,2,1,1
2204.0,2096.0,0,2,1,1
2205.0,2096.0,0,2,1,1
2206.0,2096.0,0,2,1,1
2207.0,2096.0,0,2,1,1
2208.0,2096.0,0,2,1,1
2209.0,2096.0,0,2,1,1
2212.0,2096.0,0,2,1,1
2213.0,2096.0,0,2,1,1
2215.0,2096.0,0,2,1,1
2216.0,2096.0,0,2,1,1
2219.0,2096.0,0,2,1,1
2221.0,2096.0,0,2,1,1
2222.0,2096.0,0,2,1,1
2224.0,2096.0,0,2,1,1
2227.0,2096.0,0,2,1,1
2228.0,2096.0,0,2,1,1
2230.0,2096.0,0,2,1,1
2231.0,2096.0,0,2,1,1
2234.0,2096.0,0,2,1,1
2236.0,2096.0,0,2,1,1
2238.0,2096.0,0,2,1,1
2240.0,2096.0,0,2,1,1
2241.0,2096.0,0,2,1,1
2242.0,2096.0,0,2,1,1
2244.0,2096.0,0,2,1,1
2245.0,2096.0,0,2,1,1
2246.0,2096.0,0,2,1,1
2247.0,2096.0,0,2,1,1
2248.0,2096.0,0,2,1,1
2249.0,2096.0,0,2,1,1
2250.0,2096.0,0,2,1,1
2251.0,2096.0,0,2,1,1
2252.0,2096.0,0,2,1,1
2253.0,2096.0,0,2,1,1
2254.0,2096.0,0,2,1,1
2255.0,2096.0,0,2,1,1
2256.0,2096.0,0,2,1,1
2257.0,2096.0,0,2,1,1
2259.0,2096.0,0,2,1,1
2260.0,2096.0,0,2,1,1
2261.0,2096.0,0,2,1,1
2262.0,2096.0,0,2,1,1
2263.0,2096.0,0,2,1,1
2265.0,2096.0,0,2,1,1
2267.0,2096.0,0,2,1,1
2269.0,2096.0,0,2,1,1
2271.0,2096.0,0,2,1,1
2272.0,2096.0,0,2,1,1
2273.0,2096.0,0,2,1,1
2274.0,2096.0,0,2,1,1
2275.0,2096.0,0,2,1,1
2276.0,2096.0,0,2,1,1
2277.0,2096.0,0,2,1,1
2278.0,2096.0,0,2,1,1
2281.0,2036.0,0,2,0,1
2280.0,2037.0,0,2,0,1
2280.0,2038.0,0,2,0,1
2279.0,2038.0,0,2,0,1
2278.0,2038.0,0,2,0,1
2277.0,2038.0,0,2,0,1
2277.0,2039.0,0,2,0,1
2277.0,2040.0,0,2,0,1
2277.0,2041.0,0,2,0,1
2276.0,2041.0,0,2,0,1
2276.0,2042.0,0,2,0,1
2274.0,2042.0,0,2,0,1
2271.0,2042.0,0,2,0,1
2269.0,2042.0,0,2,0,1
2265.0,2042.0,0,2,0,1
2261.0,2042.0,0,2,0,1
2257.0,2042.0,0,2,0,1
2254.0,2042.0,0,2,0,1
2249.0,2042.0,0,2,0,1
2246.0,2042.0,0,2,0,1
2240.0,2042.0,0,2,0,1
2237.0,2042.0,0,2,0,1
2234.0,2042.0,0,2,0,1
2232.0,2042.0,0,2,0,1
2229.0,2041.0,0,2,0,1
2227.0,2041.0,0,2,0,1
2226.0,2040.0,0,2,0,1
2225.0,2040.0,0,2,0,1
2224.0,2040.0,0,2,0,1
2223.0,2040.0,0,2,0,1
2222.0,2040.0,0,2,0,1
2221.0,2040.0,0,2,0,1
2220.0,2040.0,0,2,0,1
2218.0,2040.0,0,2,0,1
2217.0,2040.0,0,2,0,1
2216.0,2040.0,0,2,0,1
2215.0,2040.0,0,2,0,1
2213.0,2040.0,0,2,0,1
2211.0,2040.0,0,2,0,1
2210.0,2040.0,0,2,0,1
2208.0,2040.0,0,2,0,1
2206.0,2040.0,0,2,0,1
2205.0,2040.0,0,2,0,1
2203.0,2040.0,0,2,0,1
2201.0,2040.0,0,2,0,1
2200.0,2040.0,0,2,0,1
2198.0,2040.0,0,2,0,1
2197.0,2040.0,0,2,0,1
2196.0,2040.0,0,2,0,1
2195.0,2040.0,0,2,0,1
2194.0,2040.0,0,2,0,1
2193.0,2040.0,0,2,0,1
2192.0,2040.0,0,2,0,1
2190.0,2040.0,0,2,0,1
2189.0,2040.0,0,2,0,1
2188.0,2040.0,0,2,0,1
2187.0,2040.0,0,2,0,1
2185.0,2040.0,0,2,0,1
2183.0,2040.0,0,2,0,1
2181.0,2040.0,0,2,0,1
2179.0,2040.0,0,2,0,1
2177.0,2040.0,0,2,0,1
2176.0,2040.0,0,2,0,1
2174.0,2040.0,0,2,0,1
2172.0,2040.0,0,2,0,1
2171.0,2040.0,0,2,0,1
2170.0,2040.0,0,2,0,1
2168.0,2040.0,0,2,0,1
2167.0,2040.0,0,2,0,1
2166.0,2040.0,0,2,0,1
2165.0,2040.0,0,2,0,1
2167.0,2040.0,0,2,0,1
2168.0,2040.0,0,2,0,1
2170.0,2040.0,0,2,0,1
2172.0,2041.0,0,2,0,1
2173.0,2041.0,0,2,0,1
2175.0,2041.0,0,2,0,1
2176.0,2041.0,0,2,0,1
2177.0,2041.0,0,2,0,1
2178.0,2041.0,0,2,0,1
2179.0,2041.0,0,2,0,1
2180.0,2041.0,0,2,0,1
2181.0,2041.0,0,2,0,1
2182.0,2041.0,0,2,0,1
2183.0,2041.0,0,2,0,1
2184.0,2041.0,0,2,0,1
2185.0,2041.0,0,2,0,1
2187.0,2041.0,0,2,0,1
2188.0,2041.0,0,2,0,1
2189.0,2041.0,0,2,0,1
2192.0,2041.0,0,2,0,1
2194.0,2041.0,0,2,0,1
2197.0,2041.0,0,2,0,1
2198.0,2041.0,0,2,0,1
2200.0,2041.0,0,2,0,1
2202.0,2041.0,0,2,0,1
2204.0,2041.0,0,2,0,1
2206.0,2041.0,0,2,0,1
2209.0,2041.0,0,2,0,1
2210.0,2041.0,0,2,0,1
2211.0,2041.0,0,2,0,1
2213.0,2041.0,0,2,0,1
2215.0,2041.0,0,2,0,1
2218.0,2041.0,0,2,0,1
2219.0,2041.0,0,2,0,1
2221.0,2041.0,0,2,0,1
2224.0,2041.0,0,2,0,1
2225.0,2041.0,0,2,0,1
2226.0,2041.0,0,2,0,1
2225.0,2041.0,0,2,0,1
2223.0,2041.0,0,2,0,1
2222.0,2041.0,0,2,0,1
2220.0,2041.0,0,2,0,1
2218.0,2041.0,0,2,0,1
2216.0,2041.0,0,2,0,1
2213.0,2041.0,0,2,0,1
2210.0,2041.0,0,2,0,1
2208.0,2041.0,0,2,0,1
2204.0,2041.0,0,2,0,1
2200.0,2041.0,0,2,0,1
2197.0,2041.0,0,2,0,1
2194.0,2041.0,0,2,0,1
2190.0,2041.0,0,2,0,1
2188.0,2041.0,0,2,0,1
2184.0,2041.0,0,2,0,1
2181.0,2041.0,0,2,0,1
2177.0,2041.0,0,2,0,1
2174.0,2041.0,0,2,0,1
2171.0,2041.0,0,2,0,1
2166.0,2039.0,0,2,0,1
2162.0,2039.0,0,2,0,1
2159.0,2039.0,0,2,0,1
2156.0,2039.0,0,2,0,1
2152.0,2039.0,0,2,0,1
2149.0,2039.0,0,2,0,1
2147.0,2039.0,0,2,0,1
2146.0,2039.0,0,2,0,1
2145.0,2039.0,0,2,0,1
2144.0,2039.0,0,2,0,1
2143.0,2039.0,0,2,0,1
2142.0,2039.0,0,2,0,1
2141.0,2039.0,0,2,0,1
2140.0,2039.0,0,2,0,1
2139.0,2039.0,0,2,0,1
2138.0,2039.0,0,2,0,1
2137.0,2039.0,0,2,0,1
2136.0,2039.0,0,2,0,1
2135.0,2039.0,0,2,0,1
2133.0,2039.0,0,2,0,1
2132.0,2039.0,0,2,0,1
2131.0,2039.0,0,2,0,1
2130.0,2039.0,0,2,0,1
2128.0,2039.0,0,2,0,1
2126.0,2039.0,0,2,0,1
2124.0,2039.0,0,2,0,1
2122.0,2039.0,0,2,0,1
2119.0,2039.0,0,2,0,1
2118.0,2039.0,0,2,0,1
2117.0,2039.0,0,2,0,1
2116.0,2039.0,0,2,0,1
2118.0,2040.0,0,2,0,1
2119.0,2041.0,0,2,0,1
2121.0,2042.0,0,2,0,1
2124.0,2042.0,0,2,0,1
2125.0,2043.0,0,2,0,1
2126.0,2043.0,0,2,0,1
2127.0,2043.0,0,2,0,1
2129.0,2043.0,0,2,0,1
2130.0,2043.0,0,2,0,1
2131.0,2043.0,0,2,0,1
2130.0,2043.0,0,2,0,1
2129.0,2043.0,0,2,0,1
2128.0,2043.0,0,2,0,1
2128.0,2042.0,0,2,0,1
2127.0,2042.0,0,2,0,1
2126.0,2041.0,0,2,0,1
2125.0,2041.0,0,2,0,1
2124.0,2041.0,0,2,0,1
2122.0,2041.0,0,2,0,1
2120.0,2041.0,0,2,0,1
2117.0,2041.0,0,2,0,1
2115.0,2041.0,0,2,0,1
2113.0,2040.0,0,2,0,1
2110.0,2040.0,0,2,0,1
2108.0,2040.0,0,2,0,1
2105.0,2040.0,0,2,0,1
2101.0,2040.0,0,2,0,1
2099.0,2040.0,0,2,0,1
2096.0,2039.0,0,2,0,1
2093.0,2039.0,0,2,0,1
2092.0,2039.0,0,2,0,1
2091.0,2039.0,0,2,0,1
2089.0,2039.0,0,2,0,1
2088.0,2039.0,0,2,0,1
2087.0,2039.0,0,2,0,1
2086.0,2039.0,0,2,0,1
2085.0,2039.0,0,2,0,1
2084.0,2039.0,0,2,0,1
2083.0,2039.0,0,2,0,1
2082.0,2039.0,0,2,0,1
2081.0,2039.0,0,2,0,1
2080.0,2040.0,0,2,0,1
2079.0,2041.0,0,2,0,1
2078.0,2041.0,0,2,0,1
2077.0,2041.0,0,2,0,1
2076.0,2041.0,0,2,0,1
2076.0,2042.0,0,2,0,1
2074.0,2043.0,0,2,0,1
2073.0,2043.0,0,2,0,1
2072.0,2044.0,0,2,0,1
2072.0,2045.0,0,2,0,1
2071.0,2045.0,0,2,0,1
2071.0,2046.0,0,2,0,1
2072.0,2046.0,0,2,0,1
2073.0,2046.0,0,2,0,1
2074.0,2046.0,0,2,0,1
2076.0,2046.0,0,2,0,1
2077.0,2046.0,0,2,0,1
2078.0,2046.0,0,2,0,1
2079.0,2046.0,0,2,0,1
,0,0,0,-4
13,15,62,47,0
10,24,13,38,1
1032.0,272.0,0,2,0,1
1033.0,272.0,0,2,0,1
1034.0,272.0,0,2,0,1
1035.0,272.0,0,2,0,1
1037.0,273.0,0,2,0,1
1039.0,275.0,0,2,0,1
1042.0,277.0,0,2,0,1
1045.0,279.0,0,2,0,1
1048.0,280.0,0,2,0,1
1051.0,281.0,0,2,0,1
1056.0,283.0,0,2,0,1
1059.0,284.0,0,2,0,1
1063.0,285.0,0,2,0,1
1067.0,287.0,0,2,0,1
1075.0,290.0,0,2,0,1
1080.0,291.0,0,2,0,1
1089.0,292.0,0,2,0,1
1096.0,295.0,0,2,0,1
1100.0,296.0,0,2,0,1
1102.0,296.0,0,2,0,1
1104.0,298.0,0,2,0,1
1106.0,298.0,0,2,0,1
1107.0,298.0,0,2,0,1
1108.0,298.0,0,2,0,1
1108.0,299.0,0,2,0,1
1109.0,300.0,0,2,0,1
1110.0,300.0,0,2,0,1
1112.0,301.0,0,2,0,1
1114.0,302.0,0,2,0,1
1115.0,303.0,0,2,0,1
1117.0,304.0,0,2,0,1
1119.0,305.0,0,2,0,1
1120.0,305.0,0,2,0,1
1121.0,305.0,0,2,0,1
1122.0,305.0,0,2,0,1
1123.0,306.0,0,2,0,1
1125.0,306.0,0,2,0,1
1126.0,306.0,0,2,0,1
1127.0,306.0,0,2,0,1
1128.0,306.0,0,2,0,1
1129.0,306.0,0,2,0,1
1130.0,306.0,0,2,0,1
998.0,266.0,0,2,1,1
999.0,266.0,0,2,1,1
1001.0,266.0,0,2,1,1
1003.0,267.0,0,2,1,1
1005.0,268.0,0,2,1,1
1008.0,268.0,0,2,1,1
1011.0,268.0,0,2,1,1
1014.0,269.0,0,2,1,1
1017.0,270.0,0,2,1,1
1021.0,272.0,0,2,1,1
1025.0,273.0,0,2,1,1
1027.0,275.0,0,2,1,1
1030.0,277.0,0,2,1,1
1034.0,279.0,0,2,1,1
1038.0,281.0,0,2,1,1
1042.0,282.0,0,2,1,1
1045.0,284.0,0,2,1,1
1049.0,287.0,0,2,1,1
1053.0,288.0,0,2,1,1
1058.0,289.0,0,2,1,1
1060.0,291.0,0,2,1,1
1064.0,292.0,0,2,1,1
1067.0,293.0,0,2,1,1
1070.0,294.0,0,2,1,1
1073.0,296.0,0,2,1,1
1075.0,297.0,0,2,1,1
1077.0,298.0,0,2,1,1
1078.0,298.0,0,2,1,1
1079.0,299.0,0,2,1,1
1081.0,300.0,0,2,1,1
1083.0,301.0,0,2,1,1
1084.0,301.0,0,2,1,1
1085.0,301.0,0,2,1,1
1086.0,302.0,0,2,1,1
1087.0,302.0,0,2,1,1
1089.0,302.0,0,2,1,1
1091.0,303.0,0,2,1,1
1092.0,304.0,0,2,1,1
1094.0,305.0,0,2,1,1
1095.0,305.0,0,2,1,1
1096.0,305.0,0,2,1,1
1098.0,306.0,0,2,1,1
1100.0,307.0,0,2,1,1
1102.0,307.0,0,2,1,1
1104.0,307.0,0,2,1,1
1105.0,307.0,0,2,1,1
1107.0,307.0,0,2,1,1
1109.0,307.0,0,2,1,1
1109.0,308.0,0,2,1,1
1110.0,309.0,0,2,1,1
1111.0,309.0,0,2,1,1
1113.0,309.0,0,2,1,1
1114.0,309.0,0,2,1,1
1115.0,309.0,0,2,1,1
1116.0,309.0,0,2,1,1
1118.0,310.0,0,2,1,1
1118.0,312.0,0,2,1,1
1119.0,312.0,0,2,1,1
1121.0,312.0,0,2,1,1
1121.0,313.0,0,2,1,1
1122.0,313.0,0,2,1,1
1123.0,313.0,0,2,1,1
1123.0,314.0,0,2,1,1
1124.0,315.0,0,2,1,1
1125.0,316.0,0,2,1,1
1126.0,317.0,0,2,1,1
1127.0,319.0,0,2,1,1
1129.0,320.0,0,2,1,1
1131.0,322.0,0,2,1,1
1133.0,324.0,0,2,1,1
1135.0,325.0,0,2,1,1
1137.0,326.0,0,2,1,1
1138.0,328.0,0,2,1,1
1139.0,328.0,0,2,1,1
1140.0,328.0,0,2,1,1
1141.0,331.0,0,2,1,1
1143.0,332.0,0,2,1,1
1143.0,333.0,0,2,1,1
1145.0,335.0,0,2,1,1
1148.0,336.0,0,2,1,1
1150.0,337.0,0,2,1,1
1151.0,339.0,0,2,1,1
1152.0,342.0,0,2,1,1
1155.0,343.0,0,2,1,1
1156.0,344.0,0,2,1,1
1158.0,346.0,0,2,1,1
1161.0,348.0,0,2,1,1
1164.0,351.0,0,2,1,1
1166.0,353.0,0,2,1,1
1167.0,354.0,0,2,1,1
1170.0,355.0,0,2,1,1
1172.0,357.0,0,2,1,1
1173.0,359.0,0,2,1,1
1174.0,360.0,0,2,1,1
1174.0,361.0,0,2,1,1
1175.0,362.0,0,2,1,1
1177.0,364.0,0,2,1,1
1178.0,365.0,0,2,1,1
1180.0,367.0,0,2,1,1
1182.0,369.0,0,2,1,1
1184.0,372.0,0,2,1,1
1185.0,373.0,0,2,1,1
1185.0,374.0,0,2,1,1
1187.0,376.0,0,2,1,1
1190.0,377.0,0,2,1,1
1191.0,379.0,0,2,1,1
1193.0,380.0,0,2,1,1
1195.0,382.0,0,2,1,1
1196.0,383.0,0,2,1,1
1197.0,385.0,0,2,1,1
1199.0,386.0,0,2,1,1
1200.0,387.0,0,2,1,1
1200.0,388.0,0,2,1,1
1201.0,388.0,0,2,1,1
1202.0,389.0,0,2,1,1
1204.0,391.0,0,2,1,1
1204.0,392.0,0,2,1,1
1206.0,392.0,0,2,1,1
1207.0,393.0,0,2,1,1
1208.0,395.0,0,2,1,1
1209.0,395.0,0,2,1,1
1210.0,395.0,0,2,1,1
1210.0,396.0,0,2,1,1
1212.0,397.0,0,2,1,1
1212.0,398.0,0,2,1,1
1212.0,399.0,0,2,1,1
1212.0,400.0,0,2,1,1
1214.0,400.0,0,2,1,1
1215.0,401.0,0,2,1,1
1216.0,402.0,0,2,1,1
1218.0,403.0,0,2,1,1
1219.0,403.0,0,2,1,1
1220.0,404.0,0,2,1,1
1221.0,404.0,0,2,1,1
1222.0,405.0,0,2,1,1
1223.0,406.0,0,2,1,1
1224.0,406.0,0,2,1,1
1225.0,406.0,0,2,1,1
1226.0,406.0,0,2,1,1
1227.0,406.0,0,2,1,1
1229.0,407.0,0,2,1,1
1230.0,408.0,0,2,1,1
1231.0,408.0,0,2,1,1
1232.0,408.0,0,2,1,1
1233.0,408.0,0,2,1,1
1234.0,408.0,0,2,1,1
1235.0,408.0,0,2,1,1
1236.0,408.0,0,2,1,1
1237.0,408.0,0,2,1,1
1238.0,408.0,0,2,1,1
1238.0,407.0,0,2,1,1
1239.0,406.0,0,2,1,1
1240.0,404.0,0,2,1,1
1241.0,403.0,0,2,1,1
1243.0,402.0,0,2,1,1
1243.0,400.0,0,2,1,1
1243.0,399.0,0,2,1,1
1244.0,397.0,0,2,1,1
1244.0,396.0,0,2,1,1
1244.0,395.0,0,2,1,1
1244.0,394.0,0,2,1,1
1244.0,393.0,0,2,1,1
1244.0,392.0,0,2,1,1
1244.0,391.0,0,2,1,1
1244.0,390.0,0,2,1,1
1244.0,388.0,0,2,1,1
1244.0,387.0,0,2,1,1
1244.0,384.0,0,2,1,1
1243.0,381.0,0,2,1,1
1242.0,378.0,0,2,1,1
1241.0,376.0,0,2,1,1
1239.0,372.0,0,2,1,1
1238.0,370.0,0,2,1,1
1237.0,368.0,0,2,1,1
1235.0,367.0,0,2,1,1
1235.0,366.0,0,2,1,1
1234.0,364.0,0,2,1,1
1233.0,363.0,0,2,1,1
1231.0,361.0,0,2,1,1
1229.0,359.0,0,2,1,1
1228.0,358.0,0,2,1,1
1227.0,356.0,0,2,1,1
1226.0,353.0,0,2,1,1
1225.0,352.0,0,2,1,1
1223.0,349.0,0,2,1,1
1221.0,347.0,0,2,1,1
1220.0,345.0,0,2,1,1
1218.0,343.0,0,2,1,1
1217.0,342.0,0,2,1,1
1217.0,341.0,0,2,1,1
1215.0,340.0,0,2,1,1
1214.0,340.0,0,2,1,1
1214.0,339.0,0,2,1,1
1213.0,338.0,0,2,1,1
1213.0,337.0,0,2,1,1
1212.0,336.0,0,2,1,1
1210.0,334.0,0,2,1,1
1209.0,333.0,0,2,1,1
1208.0,332.0,0,2,1,1
1208.0,330.0,0,2,1,1
1207.0,329.0,0,2,1,1
1206.0,328.0,0,2,1,1
1205.0,327.0,0,2,1,1
1205.0,326.0,0,2,1,1
1203.0,326.0,0,2,1,1
1202.0,325.0,0,2,1,1
1202.0,324.0,0,2,1,1
1199.0,323.0,0,2,1,1
1198.0,322.0,0,2,1,1
1197.0,322.0,0,2,1,1
1196.0,321.0,0,2,1,1
1195.0,320.0,0,2,1,1
1194.0,320.0,0,2,1,1
1192.0,319.0,0,2,1,1
1191.0,317.0,0,2,1,1
1191.0,316.0,0,2,1,1
1189.0,316.0,0,2,1,1
1188.0,314.0,0,2,1,1
1185.0,312.0,0,2,1,1
1184.0,312.0,0,2,1,1
1181.0,309.0,0,2,1,1
1177.0,308.0,0,2,1,1
1173.0,306.0,0,2,1,1
1170.0,305.0,0,2,1,1
1168.0,304.0,0,2,1,1
1167.0,303.0,0,2,1,1
1165.0,302.0,0,2,1,1
1164.0,301.0,0,2,1,1
1161.0,301.0,0,2,1,1
1159.0,299.0,0,2,1,1
1156.0,298.0,0,2,1,1
1153.0,295.0,0,2,1,1
1152.0,293.0,0,2,1,1
1149.0,291.0,0,2,1,1
1144.0,290.0,0,2,1,1
1141.0,288.0,0,2,1,1
1137.0,285.0,0,2,1,1
1131.0,283.0,0,2,1,1
1127.0,281.0,0,2,1,1
1124.0,280.0,0,2,1,1
1121.0,278.0,0,2,1,1
1121.0,277.0,0,2,1,1
1119.0,277.0,0,2,1,1
1118.0,276.0,0,2,1,1
1117.0,275.0,0,2,1,1
1115.0,274.0,0,2,1,1
1114.0,274.0,0,2,1,1
1114.0,273.0,0,2,1,1
1112.0,272.0,0,2,1,1
1111.0,271.0,0,2,1,1
1110.0,271.0,0,2,1,1
1108.0,271.0,0,2,1,1
1107.0,270.0,0,2,1,1
1106.0,270.0,0,2,1,1
1105.0,269.0,0,2,1,1
1104.0,269.0,0,2,1,1
1266.0,817.0,0,2,1,1
1265.0,817.0,0,2,1,1
1264.0,817.0,0,2,1,1
1263.0,818.0,0,2,1,1
1262.0,819.0,0,2,1,1
1261.0,819.0,0,2,1,1
1260.0,819.0,0,2,1,1
1259.0,819.0,0,2,1,1
1258.0,819.0,0,2,1,1
1257.0,819.0,0,2,1,1
1257.0,820.0,0,2,1,1
1256.0,820.0,0,2,1,1
1255.0,820.0,0,2,1,1
1253.0,820.0,0,2,1,1
1251.0,820.0,0,2,1,1
1250.0,820.0,0,2,1,1
1249.0,820.0,0,2,1,1
1248.0,820.0,0,2,1,1
1247.0,820.0,0,2,1,1
1245.0,822.0,0,2,1,1
1244.0,823.0,0,2,1,1
1243.0,823.0,0,2,1,1
1242.0,826.0,0,2,1,1
1240.0,827.0,0,2,1,1
1239.0,828.0,0,2,1,1
1238.0,830.0,0,2,1,1
1237.0,832.0,0,2,1,1
1236.0,833.0,0,2,1,1
1234.0,836.0,0,2,1,1
1232.0,837.0,0,2,1,1
1231.0,839.0,0,2,1,1
1230.0,842.0,0,2,1,1
1229.0,844.0,0,2,1,1
1228.0,845.0,0,2,1,1
1228.0,846.0,0,2,1,1
1227.0,846.0,0,2,1,1
1227.0,847.0,0,2,1,1
1226.0,848.0,0,2,1,1
1225.0,848.0,0,2,1,1
1224.0,848.0,0,2,1,1
1224.0,849.0,0,2,1,1
1223.0,849.0,0,2,1,1
1222.0,849.0,0,2,1,1
1221.0,850.0,0,2,1,1
1221.0,851.0,0,2,1,1
1220.0,851.0,0,2,1,1
1219.0,851.0,0,2,1,1
1218.0,851.0,0,2,1,1
1216.0,851.0,0,2,1,1
1215.0,851.0,0,2,1,1
1214.0,851.0,0,2,1,1
1213.0,852.0,0,2,1,1
1213.0,853.0,0,2,1,1
1210.0,854.0,0,2,1,1
1209.0,854.0,0,2,1,1
1207.0,854.0,0,2,1,1
1206.0,854.0,0,2,1,1
1205.0,855.0,0,2,1,1
1204.0,855.0,0,2,1,1
1203.0,855.0,0,2,1,1
1203.0,856.0,0,2,1,1
1201.0,857.0,0,2,1,1
1200.0,857.0,0,2,1,1
1199.0,857.0,0,2,1,1
1198.0,857.0,0,2,1,1
1197.0,858.0,0,2,1,1
1197.0,859.0,0,2,1,1
1195.0,859.0,0,2,1,1
1195.0,860.0,0,2,1,1
1194.0,861.0,0,2,1,1
1193.0,862.0,0,2,1,1
1192.0,862.0,0,2,1,1
1191.0,863.0,0,2,1,1
1190.0,863.0,0,2,1,1
1189.0,863.0,0,2,1,1
1188.0,864.0,0,2,1,1
1187.0,865.0,0,2,1,1
1186.0,865.0,0,2,1,1
1185.0,865.0,0,2,1,1
1184.0,865.0,0,2,1,1
1183.0,866.0,0,2,1,1
1182.0,867.0,0,2,1,1
1181.0,867.0,0,2,1,1
1180.0,868.0,0,2,1,1
1179.0,869.0,0,2,1,1
1177.0,870.0,0,2,1,1
1177.0,871.0,0,2,1,1
1175.0,872.0,0,2,1,1
1172.0,873.0,0,2,1,1
1170.0,875.0,0,2,1,1
1168.0,876.0,0,2,1,1
1167.0,877.0,0,2,1,1
1167.0,878.0,0,2,1,1
1164.0,879.0,0,2,1,1
1163.0,880.0,0,2,1,1
1162.0,880.0,0,2,1,1
1162.0,881.0,0,2,1,1
1161.0,882.0,0,2,1,1
1160.0,882.0,0,2,1,1
1157.0,883.0,0,2,1,1
1156.0,885.0,0,2,1,1
1155.0,886.0,0,2,1,1
1154.0,887.0,0,2,1,1
1152.0,888.0,0,2,1,1
1151.0,890.0,0,2,1,1
1151.0,891.0,0,2,1,1
1149.0,891.0,0,2,1,1
1148.0,892.0,0,2,1,1
1148.0,893.0,0,2,1,1
1146.0,895.0,0,2,1,1
1146.0,897.0,0,2,1,1
1144.0,898.0,0,2,1,1
1142.0,900.0,0,2,1,1
1142.0,902.0,0,2,1,1
1141.0,904.0,0,2,1,1
1140.0,904.0,0,2,1,1
1138.0,906.0,0,2,1,1
1138.0,907.0,0,2,1,1
1136.0,908.0,0,2,1,1
1135.0,910.0,0,2,1,1
1133.0,911.0,0,2,1,1
1132.0,912.0,0,2,1,1
1131.0,913.0,0,2,1,1
1131.0,914.0,0,2,1,1
1129.0,915.0,0,2,1,1
1129.0,916.0,0,2,1,1
1128.0,918.0,0,2,1,1
1126.0,919.0,0,2,1,1
1125.0,920.0,0,2,1,1
1123.0,922.0,0,2,1,1
1122.0,923.0,0,2,1,1
1121.0,924.0,0,2,1,1
1119.0,924.0,0,2,1,1
1118.0,925.0,0,2,1,1
1116.0,926.0,0,2,1,1
1113.0,928.0,0,2,1,1
1111.0,930.0,0,2,1,1
1110.0,930.0,0,2,1,1
1107.0,932.0,0,2,1,1
1105.0,934.0,0,2,1,1
1103.0,935.0,0,2,1,1
1103.0,936.0,0,2,1,1
1101.0,937.0,0,2,1,1
1100.0,938.0,0,2,1,1
1100.0,939.0,0,2,1,1
1100.0,940.0,0,2,1,1
1099.0,941.0,0,2,1,1
1098.0,942.0,0,2,1,1
1098.0,943.0,0,2,1,1
1098.0,944.0,0,2,1,1
1098.0,945.0,0,2,1,1
1098.0,947.0,0,2,1,1
1098.0,949.0,0,2,1,1
1098.0,951.0,0,2,1,1
1099.0,951.0,0,2,1,1
1100.0,953.0,0,2,1,1
1101.0,955.0,0,2,1,1
1102.0,955.0,0,2,1,1
1104.0,956.0,0,2,1,1
1105.0,957.0,0,2,1,1
1106.0,958.0,0,2,1,1
1107.0,958.0,0,2,1,1
1108.0,958.0,0,2,1,1
1109.0,958.0,0,2,1,1
1110.0,958.0,0,2,1,1
1112.0,958.0,0,2,1,1
1113.0,958.0,0,2,1,1
1115.0,958.0,0,2,1,1
1116.0,958.0,0,2,1,1
1119.0,956.0,0,2,1,1
1123.0,954.0,0,2,1,1
1128.0,950.0,0,2,1,1
1132.0,947.0,0,2,1,1
1136.0,944.0,0,2,1,1
1140.0,942.0,0,2,1,1
1146.0,940.0,0,2,1,1
1150.0,939.0,0,2,1,1
1155.0,937.0,0,2,1,1
1161.0,936.0,0,2,1,1
1166.0,935.0,0,2,1,1
1170.0,935.0,0,2,1,1
1172.0,934.0,0,2,1,1
1174.0,933.0,0,2,1,1
1177.0,931.0,0,2,1,1
1179.0,930.0,0,2,1,1
1181.0,929.0,0,2,1,1
1182.0,929.0,0,2,1,1
1184.0,927.0,0,2,1,1
1187.0,926.0,0,2,1,1
1189.0,924.0,0,2,1,1
1192.0,924.0,0,2,1,1
1195.0,924.0,0,2,1,1
1198.0,923.0,0,2,1,1
1200.0,922.0,0,2,1,1
1202.0,922.0,0,2,1,1
1204.0,922.0,0,2,1,1
1206.0,922.0,0,2,1,1
1208.0,922.0,0,2,1,1
1209.0,922.0,0,2,1,1
1211.0,922.0,0,2,1,1
1212.0,922.0,0,2,1,1
1213.0,922.0,0,2,1,1
1214.0,922.0,0,2,1,1
1215.0,922.0,0,2,1,1
1216.0,922.0,0,2,1,1
1216.0,921.0,0,2,1,1
1217.0,920.0,0,2,1,1
1217.0,919.0,0,2,1,1
1218.0,917.0,0,2,1,1
1218.0,916.0,0,2,1,1
1219.0,915.0,0,2,1,1
1219.0,914.0,0,2,1,1
1219.0,913.0,0,2,1,1
1219.0,912.0,0,2,1,1
1219.0,911.0,0,2,1,1
1219.0,910.0,0,2,1,1
1219.0,909.0,0,2,1,1
1219.0,908.0,0,2,1,1
1219.0,907.0,0,2,1,1
1219.0,906.0,0,2,1,1
1219.0,905.0,0,2,1,1
1219.0,904.0,0,2,1,1
1219.0,903.0,0,2,1,1
1219.0,902.0,0,2,1,1
1219.0,901.0,0,2,1,1
1218.0,899.0,0,2,1,1
21,30,0,0,-2
32,30,0,0,4
,0,0,0,-4
