295.0,372.0,0,5,0,1
296.0,372.0,0,5,0,1
297.0,372.0,0,5,0,1
298.0,373.0,0,5,0,1
299.0,373.0,0,5,0,1
301.0,374.0,0,5,0,1
302.0,374.0,0,5,0,1
303.0,375.0,0,5,0,1
304.0,375.0,0,5,0,1
305.0,375.0,0,5,0,1
306.0,375.0,0,5,0,1
306.0,376.0,0,5,0,1
307.0,376.0,0,5,0,1
308.0,376.0,0,5,0,1
309.0,376.0,0,5,0,1
309.0,375.0,0,5,0,1
310.0,375.0,0,5,0,1
311.0,375.0,0,5,0,1
311.0,374.0,0,5,0,1
312.0,373.0,0,5,0,1
313.0,373.0,0,5,0,1
314.0,373.0,0,5,0,1
315.0,373.0,0,5,0,1
316.0,373.0,0,5,0,1
317.0,373.0,0,5,0,1
318.0,373.0,0,5,0,1
319.0,373.0,0,5,0,1
320.0,373.0,0,5,0,1
317.0,371.0,0,5,0,1
318.0,371.0,0,5,0,1
319.0,371.0,0,5,0,1
320.0,372.0,0,5,0,1
321.0,372.0,0,5,0,1
322.0,372.0,0,5,0,1
323.0,373.0,0,5,0,1
324.0,373.0,0,5,0,1
325.0,373.0,0,5,0,1
325.0,374.0,0,5,0,1
326.0,374.0,0,5,0,1
327.0,374.0,0,5,0,1
328.0,374.0,0,5,0,1
329.0,374.0,0,5,0,1
330.0,374.0,0,5,0,1
331.0,374.0,0,5,0,1
332.0,374.0,0,5,0,1
352.0,374.0,0,5,0,1
372.0,374.0,0,5,0,1
392.0,374.0,0,5,0,1
412.0,374.0,0,5,0,1
432.0,374.0,0,5,0,1
452.0,374.0,0,5,0,1
472.0,374.0,0,5,0,1
492.0,374.0,0,5,0,1
512.0,374.0,0,5,0,1
532.0,374.0,0,5,0,1
552.0,374.0,0,5,0,1
572.0,374.0,0,5,0,1
592.0,374.0,0,5,0,1
612.0,374.0,0,5,0,1
632.0,374.0,0,5,0,1
652.0,374.0,0,5,0,1
672.0,374.0,0,5,0,1
692.0,374.0,0,5,0,1
712.0,374.0,0,5,0,1
732.0,374.0,0,5,0,1
752.0,374.0,0,5,0,1
772.0,374.0,0,5,0,1
792.0,374.0,0,5,0,1
812.0,374.0,0,5,0,1
832.0,374.0,0,5,0,1
852.0,374.0,0,5,0,1
872.0,374.0,0,5,0,1
892.0,374.0,0,5,0,1
912.0,374.0,0,5,0,1
932.0,374.0,0,5,0,1
952.0,374.0,0,5,0,1
972.0,374.0,0,5,0,1
992.0,374.0,0,5,0,1
1012.0,374.0,0,5,0,1
1032.0,374.0,0,5,0,1
1052.0,374.0,0,5,0,1
1072.0,374.0,0,5,0,1
1092.0,374.0,0,5,0,1
1112.0,374.0,0,5,0,1
1132.0,374.0,0,5,0,1
1152.0,374.0,0,5,0,1
1172.0,374.0,0,5,0,1
1192.0,374.0,0,5,0,1
1212.0,374.0,0,5,0,1
1232.0,374.0,0,5,0,1
1252.0,374.0,0,5,0,1
1272.0,374.0,0,5,0,1
1292.0,374.0,0,5,0,1
1312.0,374.0,0,5,0,1
1332.0,374.0,0,5,0,1
1352.0,374.0,0,5,0,1
1372.0,374.0,0,5,0,1
1392.0,374.0,0,5,0,1
1412.0,374.0,0,5,0,1
1432.0,374.0,0,5,0,1
1452.0,374.0,0,5,0,1
1472.0,374.0,0,5,0,1
1492.0,374.0,0,5,0,1
1512.0,374.0,0,5,0,1
1532.0,374.0,0,5,0,1
1552.0,374.0,0,5,0,1
1572.0,374.0,0,5,0,1
1592.0,374.0,0,5,0,1
1612.0,374.0,0,5,0,1
1632.0,374.0,0,5,0,1
1652.0,374.0,0,5,0,1
1672.0,374.0,0,5,0,1
1692.0,374.0,0,5,0,1
1712.0,374.0,0,5,0,1
1732.0,374.0,0,5,0,1
1752.0,374.0,0,5,0,1
1772.0,374.0,0,5,0,1
1792.0,374.0,0,5,0,1
1812.0,374.0,0,5,0,1
1832.0,374.0,0,5,0,1
1852.0,374.0,0,5,0,1
1872.0,374.0,0,5,0,1
1892.0,374.0,0,5,0,1
1912.0,374.0,0,5,0,1
1932.0,374.0,0,5,0,1
1952.0,374.0,0,5,0,1
1972.0,374.0,0,5,0,1
1992.0,374.0,0,5,0,1
2012.0,374.0,0,5,0,1
2032.0,374.0,0,5,0,1
2052.0,374.0,0,5,0,1
2072.0,374.0,0,5,0,1
2092.0,374.0,0,5,0,1
2112.0,374.0,0,5,0,1
2132.0,374.0,0,5,0,1
2152.0,374.0,0,5,0,1
2172.0,374.0,0,5,0,1
2192.0,374.0,0,5,0,1
2212.0,374.0,0,5,0,1
2232.0,374.0,0,5,0,1
2252.0,374.0,0,5,0,1
2272.0,374.0,0,5,0,1
2292.0,374.0,0,5,0,1
2312.0,374.0,0,5,0,1
2332.0,374.0,0,5,0,1
2352.0,374.0,0,5,0,1
2372.0,374.0,0,5,0,1
2392.0,374.0,0,5,0,1
2412.0,374.0,0,5,0,1
2432.0,374.0,0,5,0,1
2452.0,374.0,0,5,0,1
2472.0,374.0,0,5,0,1
2492.0,374.0,0,5,0,1
2512.0,374.0,0,5,0,1
2532.0,374.0,0,5,0,1
2552.0,374.0,0,5,0,1
2572.0,374.0,0,5,0,1
2592.0,374.0,0,5,0,1
2612.0,374.0,0,5,0,1
2632.0,374.0,0,5,0,1
2652.0,374.0,0,5,0,1
2672.0,374.0,0,5,0,1
2692.0,374.0,0,5,0,1
2712.0,374.0,0,5,0,1
2732.0,374.0,0,5,0,1
2752.0,374.0,0,5,0,1
2772.0,374.0,0,5,0,1
2792.0,374.0,0,5,0,1
2812.0,374.0,0,5,0,1
2832.0,374.0,0,5,0,1
2852.0,374.0,0,5,0,1
2872.0,374.0,0,5,0,1
2892.0,374.0,0,5,0,1
2912.0,374.0,0,5,0,1
2932.0,374.0,0,5,0,1
2952.0,374.0,0,5,0,1
2972.0,374.0,0,5,0,1
2992.0,374.0,0,5,0,1
3012.0,374.0,0,5,0,1
3032.0,374.0,0,5,0,1
3052.0,374.0,0,5,0,1
3072.0,374.0,0,5,0,1
3092.0,374.0,0,5,0,1
3112.0,374.0,0,5,0,1
3132.0,374.0,0,5,0,1
3152.0,374.0,0,5,0,1
3172.0,374.0,0,5,0,1
3192.0,374.0,0,5,0,1
3212.0,374.0,0,5,0,1
3232.0,374.0,0,5,0,1
3252.0,374.0,0,5,0,1
3272.0,374.0,0,5,0,1
3292.0,374.0,0,5,0,1
3312.0,374.0,0,5,0,1
3332.0,374.0,0,5,0,1
3352.0,374.0,0,5,0,1
3372.0,374.0,0,5,0,1
3392.0,374.0,0,5,0,1
3412.0,374.0,0,5,0,1
3432.0,374.0,0,5,0,1
3452.0,374.0,0,5,0,1
3472.0,374.0,0,5,0,1
3492.0,374.0,0,5,0,1
3512.0,374.0,0,5,0,1
3532.0,374.0,0,5,0,1
3552.0,374.0,0,5,0,1
3572.0,374.0,0,5,0,1
3592.0,374.0,0,5,0,1
3612.0,374.0,0,5,0,1
3632.0,374.0,0,5,0,1
3652.0,374.0,0,5,0,1
3672.0,374.0,0,5,0,1
3692.0,374.0,0,5,0,1
3712.0,374.0,0,5,0,1
3732.0,374.0,0,5,0,1
3752.0,374.0,0,5,0,1
3772.0,374.0,0,5,0,1
3792.0,374.0,0,5,0,1
3812.0,374.0,0,5,0,1
3832.0,374.0,0,5,0,1
3852.0,374.0,0,5,0,1
3872.0,374.0,0,5,0,1
3892.0,374.0,0,5,0,1
3912.0,374.0,0,5,0,1
3932.0,374.0,0,5,0,1
3952.0,374.0,0,5,0,1
3972.0,374.0,0,5,0,1
3992.0,374.0,0,5,0,1
4012.0,374.0,0,5,0,1
4032.0,374.0,0,5,0,1
4052.0,374.0,0,5,0,1
4072.0,374.0,0,5,0,1
4092.0,374.0,0,5,0,1
4112.0,374.0,0,5,0,1
4132.0,374.0,0,5,0,1
4152.0,374.0,0,5,0,1
4172.0,374.0,0,5,0,1
4192.0,374.0,0,5,0,1
4212.0,374.0,0,5,0,1
4232.0,374.0,0,5,0,1
4252.0,374.0,0,5,0,1
4272.0,374.0,0,5,0,1
4292.0,374.0,0,5,0,1
4312.0,374.0,0,5,0,1
4332.0,374.0,0,5,0,1
4352.0,374.0,0,5,0,1
4372.0,374.0,0,5,0,1
4392.0,374.0,0,5,0,1
4412.0,374.0,0,5,0,1
4432.0,374.0,0,5,0,1
4452.0,374.0,0,5,0,1
4472.0,374.0,0,5,0,1
4473.0,374.0,0,5,0,1
4474.0,374.0,0,5,0,1
4475.0,374.0,0,5,0,1
4477.0,374.0,0,5,0,1
4478.0,374.0,0,5,0,1
4479.0,374.0,0,5,0,1
4480.0,374.0,0,5,0,1
4481.0,374.0,0,5,0,1
4482.0,374.0,0,5,0,1
4483.0,374.0,0,5,0,1
4484.0,374.0,0,5,0,1
4485.0,374.0,0,5,0,1
4486.0,374.0,0,5,0,1
4487.0,374.0,0,5,0,1
4488.0,374.0,0,5,0,1
4489.0,374.0,0,5,0,1
4490.0,374.0,0,5,0,1
4491.0,374.0,0,5,0,1
4492.0,374.0,0,5,0,1
4493.0,374.0,0,5,0,1
4494.0,374.0,0,5,0,1
4495.0,374.0,0,5,0,1
4496.0,374.0,0,5,0,1
4497.0,374.0,0,5,0,1
4498.0,374.0,0,5,0,1
4499.0,373.0,0,5,0,1
4500.0,373.0,0,5,0,1
4501.0,373.0,0,5,0,1
4502.0,373.0,0,5,0,1
4503.0,373.0,0,5,0,1
4504.0,373.0,0,5,0,1
4505.0,373.0,0,5,0,1
4506.0,373.0,0,5,0,1
4507.0,372.0,0,5,0,1
4508.0,372.0,0,5,0,1
4509.0,371.0,0,5,0,1
4510.0,371.0,0,5,0,1
4511.0,371.0,0,5,0,1
4512.0,371.0,0,5,0,1
4513.0,370.0,0,5,0,1
4514.0,370.0,0,5,0,1
4515.0,370.0,0,5,0,1
4516.0,369.0,0,5,0,1
4517.0,369.0,0,5,0,1
4518.0,369.0,0,5,0,1
4519.0,369.0,0,5,0,1
4520.0,369.0,0,5,0,1
4520.0,368.0,0,5,0,1
4522.0,368.0,0,5,0,1
4523.0,368.0,0,5,0,1
4525.0,367.0,0,5,0,1
4526.0,367.0,0,5,0,1
4527.0,367.0,0,5,0,1
4528.0,367.0,0,5,0,1
4530.0,367.0,0,5,0,1
4531.0,366.0,0,5,0,1
4533.0,366.0,0,5,0,1
4534.0,366.0,0,5,0,1
4534.0,365.0,0,5,0,1
4535.0,365.0,0,5,0,1
4536.0,365.0,0,5,0,1
4537.0,365.0,0,5,0,1
4538.0,365.0,0,5,0,1
4539.0,365.0,0,5,0,1
4540.0,365.0,0,5,0,1
4541.0,364.0,0,5,0,1
4542.0,364.0,0,5,0,1
4543.0,364.0,0,5,0,1
4544.0,364.0,0,5,0,1
4545.0,364.0,0,5,0,1
4546.0,364.0,0,5,0,1
4547.0,364.0,0,5,0,1
4548.0,363.0,0,5,0,1
4549.0,363.0,0,5,0,1
4550.0,363.0,0,5,0,1
4552.0,363.0,0,5,0,1
4554.0,363.0,0,5,0,1
4555.0,363.0,0,5,0,1
4557.0,363.0,0,5,0,1
4559.0,362.0,0,5,0,1
4560.0,362.0,0,5,0,1
4561.0,362.0,0,5,0,1
4562.0,361.0,0,5,0,1
4563.0,361.0,0,5,0,1
4565.0,361.0,0,5,0,1
4566.0,361.0,0,5,0,1
4567.0,361.0,0,5,0,1
4569.0,361.0,0,5,0,1
4570.0,361.0,0,5,0,1
4571.0,361.0,0,5,0,1
4573.0,361.0,0,5,0,1
4574.0,361.0,0,5,0,1
4575.0,361.0,0,5,0,1
4577.0,361.0,0,5,0,1
4578.0,361.0,0,5,0,1
4579.0,361.0,0,5,0,1
4580.0,361.0,0,5,0,1
4582.0,361.0,0,5,0,1
4583.0,361.0,0,5,0,1
4584.0,361.0,0,5,0,1
4586.0,361.0,0,5,0,1
4587.0,360.0,0,5,0,1
4589.0,360.0,0,5,0,1
4591.0,360.0,0,5,0,1
4592.0,360.0,0,5,0,1
4593.0,360.0,0,5,0,1
4595.0,360.0,0,5,0,1
4597.0,360.0,0,5,0,1
4599.0,359.0,0,5,0,1
4601.0,359.0,0,5,0,1
4602.0,359.0,0,5,0,1
4603.0,359.0,0,5,0,1
4605.0,359.0,0,5,0,1
4607.0,359.0,0,5,0,1
4609.0,359.0,0,5,0,1
4611.0,359.0,0,5,0,1
4612.0,359.0,0,5,0,1
4614.0,358.0,0,5,0,1
4615.0,358.0,0,5,0,1
4616.0,358.0,0,5,0,1
4617.0,358.0,0,5,0,1
4619.0,358.0,0,5,0,1
4620.0,357.0,0,5,0,1
4621.0,357.0,0,5,0,1
4622.0,357.0,0,5,0,1
4623.0,357.0,0,5,0,1
4625.0,357.0,0,5,0,1
4626.0,357.0,0,5,0,1
4628.0,357.0,0,5,0,1
4629.0,357.0,0,5,0,1
4630.0,357.0,0,5,0,1
4632.0,357.0,0,5,0,1
4633.0,357.0,0,5,0,1
4635.0,357.0,0,5,0,1
4636.0,357.0,0,5,0,1
4637.0,357.0,0,5,0,1
4638.0,357.0,0,5,0,1
4639.0,357.0,0,5,0,1
4640.0,357.0,0,5,0,1
4640.0,356.0,0,5,0,1
4641.0,356.0,0,5,0,1
4642.0,356.0,0,5,0,1
4617.0,188.0,0,5,1,1
4618.0,188.0,0,5,1,1
4619.0,188.0,0,5,1,1
4620.0,188.0,0,5,1,1
4623.0,188.0,0,5,1,1
4626.0,188.0,0,5,1,1
4628.0,188.0,0,5,1,1
4631.0,188.0,0,5,1,1
4634.0,188.0,0,5,1,1
4637.0,188.0,0,5,1,1
4639.0,188.0,0,5,1,1
4642.0,188.0,0,5,1,1
4645.0,188.0,0,5,1,1
4648.0,188.0,0,5,1,1
4650.0,188.0,0,5,1,1
4651.0,188.0,0,5,1,1
4653.0,188.0,0,5,1,1
4655.0,188.0,0,5,1,1
4656.0,188.0,0,5,1,1
4656.0,189.0,0,5,1,1
4657.0,189.0,0,5,1,1
4658.0,189.0,0,5,1,1
4659.0,189.0,0,5,1,1
4661.0,189.0,0,5,1,1
4664.0,189.0,0,5,1,1
4667.0,189.0,0,5,1,1
4669.0,189.0,0,5,1,1
4671.0,189.0,0,5,1,1
4672.0,189.0,0,5,1,1
4674.0,189.0,0,5,1,1
4675.0,188.0,0,5,1,1
4677.0,188.0,0,5,1,1
4678.0,188.0,0,5,1,1
3957.0,451.0,0,5,0,1
3957.0,452.0,0,5,0,1
3957.0,454.0,0,5,0,1
3957.0,455.0,0,5,0,1
3957.0,457.0,0,5,0,1
3956.0,459.0,0,5,0,1
3955.0,460.0,0,5,0,1
3954.0,462.0,0,5,0,1
3953.0,464.0,0,5,0,1
3952.0,466.0,0,5,0,1
3950.0,467.0,0,5,0,1
3949.0,470.0,0,5,0,1
3947.0,471.0,0,5,0,1
3946.0,473.0,0,5,0,1
3945.0,475.0,0,5,0,1
3944.0,476.0,0,5,0,1
3941.0,479.0,0,5,0,1
3939.0,480.0,0,5,0,1
3938.0,481.0,0,5,0,1
3934.0,483.0,0,5,0,1
3929.0,486.0,0,5,0,1
3926.0,487.0,0,5,0,1
3923.0,490.0,0,5,0,1
3918.0,492.0,0,5,0,1
3913.0,494.0,0,5,0,1
3910.0,495.0,0,5,0,1
3907.0,497.0,0,5,0,1
3904.0,499.0,0,5,0,1
3901.0,499.0,0,5,0,1
3898.0,501.0,0,5,0,1
3895.0,502.0,0,5,0,1
3893.0,503.0,0,5,0,1
3891.0,503.0,0,5,0,1
3888.0,503.0,0,5,0,1
3885.0,504.0,0,5,0,1
3883.0,505.0,0,5,0,1
3879.0,505.0,0,5,0,1
3875.0,505.0,0,5,0,1
3871.0,506.0,0,5,0,1
3868.0,506.0,0,5,0,1
3864.0,506.0,0,5,0,1
3861.0,506.0,0,5,0,1
3856.0,507.0,0,5,0,1
3853.0,507.0,0,5,0,1
3850.0,507.0,0,5,0,1
3847.0,507.0,0,5,0,1
3843.0,507.0,0,5,0,1
3839.0,508.0,0,5,0,1
3836.0,508.0,0,5,0,1
3832.0,508.0,0,5,0,1
3828.0,508.0,0,5,0,1
3824.0,509.0,0,5,0,1
3821.0,510.0,0,5,0,1
3818.0,510.0,0,5,0,1
3815.0,511.0,0,5,0,1
3812.0,512.0,0,5,0,1
3810.0,512.0,0,5,0,1
3807.0,512.0,0,5,0,1
3804.0,512.0,0,5,0,1
3802.0,512.0,0,5,0,1
3799.0,513.0,0,5,0,1
3797.0,514.0,0,5,0,1
3795.0,514.0,0,5,0,1
3793.0,514.0,0,5,0,1
3791.0,515.0,0,5,0,1
3789.0,515.0,0,5,0,1
3787.0,515.0,0,5,0,1
3786.0,515.0,0,5,0,1
3785.0,515.0,0,5,0,1
3784.0,515.0,0,5,0,1
3783.0,516.0,0,5,0,1
3782.0,516.0,0,5,0,1
3780.0,516.0,0,5,0,1
3779.0,516.0,0,5,0,1
3778.0,516.0,0,5,0,1
3777.0,517.0,0,5,0,1
3776.0,517.0,0,5,0,1
3775.0,517.0,0,5,0,1
3774.0,517.0,0,5,0,1
3773.0,517.0,0,5,0,1
3771.0,517.0,0,5,0,1
3769.0,517.0,0,5,0,1
3768.0,517.0,0,5,0,1
3767.0,517.0,0,5,0,1
3765.0,517.0,0,5,0,1
3763.0,517.0,0,5,0,1
3762.0,517.0,0,5,0,1
3760.0,517.0,0,5,0,1
3758.0,517.0,0,5,0,1
3757.0,516.0,0,5,0,1
3755.0,516.0,0,5,0,1
3753.0,516.0,0,5,0,1
3751.0,516.0,0,5,0,1
3749.0,516.0,0,5,0,1
3748.0,515.0,0,5,0,1
3745.0,514.0,0,5,0,1
3743.0,514.0,0,5,0,1
3741.0,513.0,0,5,0,1
3739.0,513.0,0,5,0,1
3737.0,513.0,0,5,0,1
3735.0,512.0,0,5,0,1
3733.0,512.0,0,5,0,1
3732.0,511.0,0,5,0,1
3730.0,510.0,0,5,0,1
3727.0,510.0,0,5,0,1
3726.0,510.0,0,5,0,1
3723.0,509.0,0,5,0,1
3722.0,509.0,0,5,0,1
3721.0,509.0,0,5,0,1
3719.0,509.0,0,5,0,1
3717.0,509.0,0,5,0,1
3715.0,509.0,0,5,0,1
3714.0,509.0,0,5,0,1
3713.0,509.0,0,5,0,1
3711.0,509.0,0,5,0,1
3709.0,508.0,0,5,0,1
3708.0,508.0,0,5,0,1
3705.0,508.0,0,5,0,1
3704.0,508.0,0,5,0,1
3702.0,508.0,0,5,0,1
3701.0,508.0,0,5,0,1
3698.0,508.0,0,5,0,1
3697.0,508.0,0,5,0,1
3696.0,508.0,0,5,0,1
3694.0,508.0,0,5,0,1
3693.0,508.0,0,5,0,1
3692.0,508.0,0,5,0,1
3691.0,508.0,0,5,0,1
3689.0,508.0,0,5,0,1
3687.0,508.0,0,5,0,1
3686.0,508.0,0,5,0,1
3685.0,508.0,0,5,0,1
3684.0,508.0,0,5,0,1
3683.0,507.0,0,5,0,1
3681.0,507.0,0,5,0,1
3679.0,507.0,0,5,0,1
3678.0,507.0,0,5,0,1
3677.0,507.0,0,5,0,1
3676.0,507.0,0,5,0,1
3675.0,507.0,0,5,0,1
3674.0,507.0,0,5,0,1
3673.0,507.0,0,5,0,1
3672.0,507.0,0,5,0,1
3671.0,507.0,0,5,0,1
3670.0,507.0,0,5,0,1
3669.0,507.0,0,5,0,1
3668.0,507.0,0,5,0,1
3667.0,507.0,0,5,0,1
3666.0,507.0,0,5,0,1
3665.0,507.0,0,5,0,1
3664.0,506.0,0,5,0,1
3663.0,506.0,0,5,0,1
3661.0,506.0,0,5,0,1
3660.0,506.0,0,5,0,1
3659.0,506.0,0,5,0,1
3658.0,506.0,0,5,0,1
3657.0,506.0,0,5,0,1
3656.0,506.0,0,5,0,1
3655.0,506.0,0,5,0,1
3654.0,506.0,0,5,0,1
3634.0,506.0,0,5,0,1
3614.0,506.0,0,5,0,1
3594.0,506.0,0,5,0,1
3593.0,506.0,0,5,0,1
3573.0,506.0,0,5,0,1
3553.0,506.0,0,5,0,1
3533.0,506.0,0,5,0,1
3513.0,506.0,0,5,0,1
3493.0,506.0,0,5,0,1
3473.0,506.0,0,5,0,1
3453.0,506.0,0,5,0,1
3433.0,506.0,0,5,0,1
3413.0,506.0,0,5,0,1
3414.0,506.0,0,5,0,1
3415.0,506.0,0,5,0,1
3416.0,506.0,0,5,0,1
3417.0,506.0,0,5,0,1
3418.0,506.0,0,5,0,1
3418.0,507.0,0,5,0,1
3419.0,507.0,0,5,0,1
3399.0,507.0,0,5,0,1
3379.0,507.0,0,5,0,1
3359.0,507.0,0,5,0,1
3339.0,507.0,0,5,0,1
3319.0,507.0,0,5,0,1
3299.0,507.0,0,5,0,1
3279.0,507.0,0,5,0,1
3259.0,507.0,0,5,0,1
3239.0,507.0,0,5,0,1
3219.0,507.0,0,5,0,1
3199.0,507.0,0,5,0,1
3179.0,507.0,0,5,0,1
3159.0,507.0,0,5,0,1
3139.0,507.0,0,5,0,1
3119.0,507.0,0,5,0,1
3099.0,507.0,0,5,0,1
3079.0,507.0,0,5,0,1
3059.0,507.0,0,5,0,1
3039.0,507.0,0,5,0,1
3019.0,507.0,0,5,0,1
2999.0,507.0,0,5,0,1
2979.0,507.0,0,5,0,1
2959.0,507.0,0,5,0,1
2939.0,507.0,0,5,0,1
2919.0,507.0,0,5,0,1
2899.0,507.0,0,5,0,1
2879.0,507.0,0,5,0,1
2859.0,507.0,0,5,0,1
2839.0,507.0,0,5,0,1
2819.0,507.0,0,5,0,1
2799.0,507.0,0,5,0,1
2779.0,507.0,0,5,0,1
2759.0,507.0,0,5,0,1
2739.0,507.0,0,5,0,1
2719.0,507.0,0,5,0,1
2699.0,507.0,0,5,0,1
2679.0,507.0,0,5,0,1
2659.0,507.0,0,5,0,1
2639.0,507.0,0,5,0,1
2619.0,507.0,0,5,0,1
2599.0,507.0,0,5,0,1
2579.0,507.0,0,5,0,1
2559.0,507.0,0,5,0,1
2539.0,507.0,0,5,0,1
2519.0,507.0,0,5,0,1
2499.0,507.0,0,5,0,1
2479.0,507.0,0,5,0,1
2459.0,507.0,0,5,0,1
2439.0,507.0,0,5,0,1
2419.0,507.0,0,5,0,1
2399.0,507.0,0,5,0,1
2379.0,507.0,0,5,0,1
2359.0,507.0,0,5,0,1
2339.0,507.0,0,5,0,1
2353.0,478.0,0,5,0,1
2353.0,477.0,0,5,0,1
2353.0,476.0,0,5,0,1
2352.0,476.0,0,5,0,1
2352.0,475.0,0,5,0,1
2351.0,475.0,0,5,0,1
2350.0,475.0,0,5,0,1
2349.0,475.0,0,5,0,1
2349.0,474.0,0,5,0,1
2347.0,473.0,0,5,0,1
2347.0,472.0,0,5,0,1
2345.0,472.0,0,5,0,1
2344.0,472.0,0,5,0,1
2342.0,472.0,0,5,0,1
2342.0,473.0,0,5,0,1
2341.0,474.0,0,5,0,1
2340.0,474.0,0,5,0,1
2340.0,475.0,0,5,0,1
2339.0,475.0,0,5,0,1
2339.0,476.0,0,5,0,1
2338.0,476.0,0,5,0,1
2338.0,478.0,0,5,0,1
2338.0,479.0,0,5,0,1
2338.0,480.0,0,5,0,1
2338.0,481.0,0,5,0,1
2338.0,482.0,0,5,0,1
2338.0,483.0,0,5,0,1
2338.0,484.0,0,5,0,1
2338.0,485.0,0,5,0,1
2338.0,486.0,0,5,0,1
2339.0,486.0,0,5,0,1
2339.0,487.0,0,5,0,1
2340.0,487.0,0,5,0,1
2340.0,488.0,0,5,0,1
2340.0,489.0,0,5,0,1
2340.0,490.0,0,5,0,1
2340.0,491.0,0,5,0,1
2340.0,492.0,0,5,0,1
2340.0,493.0,0,5,0,1
2340.0,494.0,0,5,0,1
2340.0,495.0,0,5,0,1
2340.0,496.0,0,5,0,1
2340.0,497.0,0,5,0,1
2340.0,498.0,0,5,0,1
2340.0,499.0,0,5,0,1
2340.0,500.0,0,5,0,1
2340.0,501.0,0,5,0,1
2340.0,503.0,0,5,0,1
2340.0,504.0,0,5,0,1
2340.0,505.0,0,5,0,1
2339.0,506.0,0,5,0,1
2339.0,507.0,0,5,0,1
2339.0,508.0,0,5,0,1
2339.0,509.0,0,5,0,1
2339.0,510.0,0,5,0,1
2338.0,510.0,0,5,0,1
2338.0,511.0,0,5,0,1
2338.0,512.0,0,5,0,1
2337.0,512.0,0,5,0,1
2336.0,513.0,0,5,0,1
2335.0,514.0,0,5,0,1
2335.0,515.0,0,5,0,1
2335.0,516.0,0,5,0,1
2334.0,517.0,0,5,0,1
2334.0,518.0,0,5,0,1
2334.0,519.0,0,5,0,1
2334.0,520.0,0,5,0,1
2334.0,521.0,0,5,0,1
2334.0,522.0,0,5,0,1
2334.0,523.0,0,5,0,1
2334.0,524.0,0,5,0,1
2334.0,525.0,0,5,0,1
2334.0,526.0,0,5,0,1
2334.0,528.0,0,5,0,1
2334.0,530.0,0,5,0,1
2334.0,531.0,0,5,0,1
2334.0,532.0,0,5,0,1
2334.0,533.0,0,5,0,1
2334.0,534.0,0,5,0,1
2334.0,535.0,0,5,0,1
2334.0,536.0,0,5,0,1
2334.0,537.0,0,5,0,1
2334.0,538.0,0,5,0,1
2334.0,539.0,0,5,0,1
2334.0,540.0,0,5,0,1
2334.0,541.0,0,5,0,1
2334.0,542.0,0,5,0,1
2334.0,543.0,0,5,0,1
2333.0,544.0,0,5,0,1
2333.0,545.0,0,5,0,1
2332.0,546.0,0,5,0,1
2332.0,547.0,0,5,0,1
2332.0,548.0,0,5,0,1
2332.0,549.0,0,5,0,1
2332.0,550.0,0,5,0,1
2331.0,550.0,0,5,0,1
2331.0,552.0,0,5,0,1
2331.0,553.0,0,5,0,1
2331.0,554.0,0,5,0,1
2331.0,555.0,0,5,0,1
2331.0,557.0,0,5,0,1
2331.0,558.0,0,5,0,1
2331.0,560.0,0,5,0,1
2331.0,562.0,0,5,0,1
2331.0,563.0,0,5,0,1
2331.0,564.0,0,5,0,1
2331.0,565.0,0,5,0,1
2331.0,567.0,0,5,0,1
2331.0,568.0,0,5,0,1
2331.0,570.0,0,5,0,1
2331.0,571.0,0,5,0,1
2331.0,572.0,0,5,0,1
2330.0,575.0,0,5,0,1
2329.0,576.0,0,5,0,1
2329.0,577.0,0,5,0,1
2328.0,579.0,0,5,0,1
2328.0,580.0,0,5,0,1
2328.0,581.0,0,5,0,1
2328.0,583.0,0,5,0,1
2328.0,584.0,0,5,0,1
2328.0,586.0,0,5,0,1
2328.0,587.0,0,5,0,1
2328.0,588.0,0,5,0,1
2328.0,589.0,0,5,0,1
2328.0,590.0,0,5,0,1
2328.0,591.0,0,5,0,1
2328.0,592.0,0,5,0,1
2328.0,593.0,0,5,0,1
2328.0,594.0,0,5,0,1
2328.0,595.0,0,5,0,1
2328.0,596.0,0,5,0,1
2328.0,597.0,0,5,0,1
2328.0,598.0,0,5,0,1
2328.0,599.0,0,5,0,1
2328.0,600.0,0,5,0,1
2328.0,601.0,0,5,0,1
2328.0,602.0,0,5,0,1
2328.0,603.0,0,5,0,1
2328.0,604.0,0,5,0,1
2328.0,606.0,0,5,0,1
2328.0,607.0,0,5,0,1
2328.0,608.0,0,5,0,1
2328.0,609.0,0,5,0,1
2328.0,610.0,0,5,0,1
2328.0,611.0,0,5,0,1
2328.0,612.0,0,5,0,1
2328.0,613.0,0,5,0,1
2328.0,614.0,0,5,0,1
2328.0,615.0,0,5,0,1
2328.0,616.0,0,5,0,1
2328.0,617.0,0,5,0,1
2328.0,618.0,0,5,0,1
2329.0,619.0,0,5,0,1
2329.0,620.0,0,5,0,1
2330.0,621.0,0,5,0,1
2330.0,622.0,0,5,0,1
2330.0,623.0,0,5,0,1
2330.0,624.0,0,5,0,1
2331.0,624.0,0,5,0,1
2331.0,625.0,0,5,0,1
2332.0,625.0,0,5,0,1
2333.0,625.0,0,5,0,1
2333.0,626.0,0,5,0,1
2334.0,626.0,0,5,0,1
2354.0,626.0,0,5,0,1
2374.0,626.0,0,5,0,1
2394.0,626.0,0,5,0,1
2414.0,626.0,0,5,0,1
2434.0,626.0,0,5,0,1
2454.0,626.0,0,5,0,1
2474.0,626.0,0,5,0,1
2494.0,626.0,0,5,0,1
2514.0,626.0,0,5,0,1
2534.0,626.0,0,5,0,1
2554.0,626.0,0,5,0,1
2574.0,626.0,0,5,0,1
2594.0,626.0,0,5,0,1
2614.0,626.0,0,5,0,1
2634.0,626.0,0,5,0,1
2654.0,626.0,0,5,0,1
2674.0,626.0,0,5,0,1
2694.0,626.0,0,5,0,1
2714.0,626.0,0,5,0,1
2734.0,626.0,0,5,0,1
2754.0,626.0,0,5,0,1
2774.0,626.0,0,5,0,1
2794.0,626.0,0,5,0,1
2814.0,626.0,0,5,0,1
2834.0,626.0,0,5,0,1
2854.0,626.0,0,5,0,1
2874.0,626.0,0,5,0,1
2894.0,626.0,0,5,0,1
2914.0,626.0,0,5,0,1
2934.0,626.0,0,5,0,1
2954.0,626.0,0,5,0,1
2974.0,626.0,0,5,0,1
2994.0,626.0,0,5,0,1
3014.0,626.0,0,5,0,1
3034.0,626.0,0,5,0,1
3054.0,626.0,0,5,0,1
3074.0,626.0,0,5,0,1
3094.0,626.0,0,5,0,1
3114.0,626.0,0,5,0,1
3134.0,626.0,0,5,0,1
3154.0,626.0,0,5,0,1
3174.0,626.0,0,5,0,1
3194.0,626.0,0,5,0,1
3214.0,626.0,0,5,0,1
3234.0,626.0,0,5,0,1
3254.0,626.0,0,5,0,1
3274.0,626.0,0,5,0,1
3294.0,626.0,0,5,0,1
3314.0,626.0,0,5,0,1
3334.0,626.0,0,5,0,1
3354.0,626.0,0,5,0,1
3374.0,626.0,0,5,0,1
3394.0,626.0,0,5,0,1
3414.0,626.0,0,5,0,1
3434.0,626.0,0,5,0,1
3454.0,626.0,0,5,0,1
3474.0,626.0,0,5,0,1
3494.0,626.0,0,5,0,1
3514.0,626.0,0,5,0,1
3534.0,626.0,0,5,0,1
3554.0,626.0,0,5,0,1
3574.0,626.0,0,5,0,1
3594.0,626.0,0,5,0,1
3614.0,626.0,0,5,0,1
3634.0,626.0,0,5,0,1
3654.0,626.0,0,5,0,1
3674.0,626.0,0,5,0,1
3694.0,626.0,0,5,0,1
3714.0,626.0,0,5,0,1
3734.0,626.0,0,5,0,1
3754.0,626.0,0,5,0,1
3774.0,626.0,0,5,0,1
3794.0,626.0,0,5,0,1
3814.0,626.0,0,5,0,1
3834.0,626.0,0,5,0,1
3854.0,626.0,0,5,0,1
3874.0,626.0,0,5,0,1
3894.0,626.0,0,5,0,1
3914.0,626.0,0,5,0,1
3934.0,626.0,0,5,0,1
3935.0,626.0,0,5,0,1
3936.0,626.0,0,5,0,1
3937.0,626.0,0,5,0,1
3937.0,627.0,0,5,0,1
3938.0,627.0,0,5,0,1
3939.0,627.0,0,5,0,1
3940.0,627.0,0,5,0,1
3941.0,627.0,0,5,0,1
3941.0,628.0,0,5,0,1
3942.0,628.0,0,5,0,1
3943.0,628.0,0,5,0,1
3944.0,629.0,0,5,0,1
3945.0,629.0,0,5,0,1
3946.0,629.0,0,5,0,1
3947.0,629.0,0,5,0,1
3947.0,630.0,0,5,0,1
3946.0,630.0,0,5,0,1
3945.0,629.0,0,5,0,1
3945.0,628.0,0,5,0,1
3945.0,627.0,0,5,0,1
3945.0,626.0,0,5,0,1
3945.0,625.0,0,5,0,1
3945.0,624.0,0,5,0,1
3945.0,623.0,0,5,0,1
3945.0,622.0,0,5,0,1
3945.0,621.0,0,5,0,1
3945.0,620.0,0,5,0,1
3945.0,619.0,0,5,0,1
3945.0,618.0,0,5,0,1
3945.0,617.0,0,5,0,1
3945.0,616.0,0,5,0,1
3945.0,615.0,0,5,0,1
3945.0,614.0,0,5,0,1
3945.0,612.0,0,5,0,1
3945.0,611.0,0,5,0,1
3944.0,610.0,0,5,0,1
3944.0,608.0,0,5,0,1
3944.0,607.0,0,5,0,1
3944.0,606.0,0,5,0,1
3944.0,605.0,0,5,0,1
3944.0,603.0,0,5,0,1
3944.0,602.0,0,5,0,1
3944.0,601.0,0,5,0,1
3944.0,599.0,0,5,0,1
3944.0,597.0,0,5,0,1
3944.0,595.0,0,5,0,1
3944.0,594.0,0,5,0,1
3944.0,593.0,0,5,0,1
3944.0,591.0,0,5,0,1
3944.0,590.0,0,5,0,1
3944.0,589.0,0,5,0,1
3944.0,587.0,0,5,0,1
3944.0,586.0,0,5,0,1
3944.0,584.0,0,5,0,1
3944.0,583.0,0,5,0,1
3944.0,582.0,0,5,0,1
3944.0,580.0,0,5,0,1
3944.0,579.0,0,5,0,1
3944.0,577.0,0,5,0,1
3944.0,576.0,0,5,0,1
3943.0,574.0,0,5,0,1
3943.0,573.0,0,5,0,1
3943.0,572.0,0,5,0,1
3943.0,571.0,0,5,0,1
3943.0,569.0,0,5,0,1
3943.0,568.0,0,5,0,1
3943.0,566.0,0,5,0,1
3943.0,564.0,0,5,0,1
3943.0,563.0,0,5,0,1
3943.0,561.0,0,5,0,1
3943.0,560.0,0,5,0,1
3943.0,559.0,0,5,0,1
3943.0,558.0,0,5,0,1
3943.0,557.0,0,5,0,1
3943.0,556.0,0,5,0,1
3943.0,555.0,0,5,0,1
3943.0,554.0,0,5,0,1
3943.0,553.0,0,5,0,1
3943.0,552.0,0,5,0,1
3943.0,551.0,0,5,0,1
3943.0,550.0,0,5,0,1
3943.0,549.0,0,5,0,1
3943.0,548.0,0,5,0,1
3943.0,547.0,0,5,0,1
3943.0,546.0,0,5,0,1
2296.0,767.0,0,5,2,1
2295.0,767.0,0,5,2,1
2295.0,768.0,0,5,2,1
2295.0,769.0,0,5,2,1
2296.0,769.0,0,5,2,1
2316.0,769.0,0,5,2,1
2336.0,769.0,0,5,2,1
2356.0,769.0,0,5,2,1
2376.0,769.0,0,5,2,1
2396.0,769.0,0,5,2,1
2416.0,769.0,0,5,2,1
2436.0,769.0,0,5,2,1
2456.0,769.0,0,5,2,1
2476.0,769.0,0,5,2,1
2496.0,769.0,0,5,2,1
2516.0,769.0,0,5,2,1
2536.0,769.0,0,5,2,1
2556.0,769.0,0,5,2,1
2576.0,769.0,0,5,2,1
2596.0,769.0,0,5,2,1
2616.0,769.0,0,5,2,1
2636.0,769.0,0,5,2,1
2656.0,769.0,0,5,2,1
2676.0,769.0,0,5,2,1
2696.0,769.0,0,5,2,1
2716.0,769.0,0,5,2,1
2736.0,769.0,0,5,2,1
2756.0,769.0,0,5,2,1
2776.0,769.0,0,5,2,1
2796.0,769.0,0,5,2,1
2816.0,769.0,0,5,2,1
2836.0,769.0,0,5,2,1
2856.0,769.0,0,5,2,1
2876.0,769.0,0,5,2,1
2896.0,769.0,0,5,2,1
2916.0,769.0,0,5,2,1
2936.0,769.0,0,5,2,1
2956.0,769.0,0,5,2,1
2976.0,769.0,0,5,2,1
2996.0,769.0,0,5,2,1
3016.0,769.0,0,5,2,1
3036.0,769.0,0,5,2,1
3056.0,769.0,0,5,2,1
3076.0,769.0,0,5,2,1
3096.0,769.0,0,5,2,1
3116.0,769.0,0,5,2,1
3136.0,769.0,0,5,2,1
3156.0,769.0,0,5,2,1
3176.0,769.0,0,5,2,1
3196.0,769.0,0,5,2,1
3216.0,769.0,0,5,2,1
3236.0,769.0,0,5,2,1
3256.0,769.0,0,5,2,1
3276.0,769.0,0,5,2,1
3296.0,769.0,0,5,2,1
3316.0,769.0,0,5,2,1
3336.0,769.0,0,5,2,1
3356.0,769.0,0,5,2,1
3376.0,769.0,0,5,2,1
3396.0,769.0,0,5,2,1
3416.0,769.0,0,5,2,1
3436.0,769.0,0,5,2,1
3456.0,769.0,0,5,2,1
3476.0,769.0,0,5,2,1
3496.0,769.0,0,5,2,1
3516.0,769.0,0,5,2,1
3536.0,769.0,0,5,2,1
3556.0,769.0,0,5,2,1
3576.0,769.0,0,5,2,1
3596.0,769.0,0,5,2,1
3616.0,769.0,0,5,2,1
3636.0,769.0,0,5,2,1
3656.0,769.0,0,5,2,1
3676.0,769.0,0,5,2,1
3696.0,769.0,0,5,2,1
3716.0,769.0,0,5,2,1
3736.0,769.0,0,5,2,1
3756.0,769.0,0,5,2,1
3776.0,769.0,0,5,2,1
3796.0,769.0,0,5,2,1
3816.0,769.0,0,5,2,1
3836.0,769.0,0,5,2,1
3856.0,769.0,0,5,2,1
3876.0,769.0,0,5,2,1
3896.0,769.0,0,5,2,1
3916.0,769.0,0,5,2,1
3936.0,769.0,0,5,2,1
3956.0,769.0,0,5,2,1
3976.0,769.0,0,5,2,1
3996.0,769.0,0,5,2,1
4016.0,769.0,0,5,2,1
4036.0,769.0,0,5,2,1
4056.0,769.0,0,5,2,1
4076.0,769.0,0,5,2,1
4075.0,769.0,0,5,2,1
4145.0,670.0,0,5,0,1
4145.0,671.0,0,5,0,1
4145.0,673.0,0,5,0,1
4145.0,674.0,0,5,0,1
4145.0,676.0,0,5,0,1
4145.0,678.0,0,5,0,1
4145.0,681.0,0,5,0,1
4145.0,684.0,0,5,0,1
4144.0,687.0,0,5,0,1
4144.0,690.0,0,5,0,1
4144.0,693.0,0,5,0,1
4144.0,697.0,0,5,0,1
4144.0,699.0,0,5,0,1
4144.0,703.0,0,5,0,1
4144.0,706.0,0,5,0,1
4144.0,709.0,0,5,0,1
4144.0,712.0,0,5,0,1
4144.0,715.0,0,5,0,1
4144.0,718.0,0,5,0,1
4144.0,720.0,0,5,0,1
4144.0,722.0,0,5,0,1
4144.0,724.0,0,5,0,1
4144.0,727.0,0,5,0,1
4144.0,729.0,0,5,0,1
4144.0,730.0,0,5,0,1
4144.0,732.0,0,5,0,1
4143.0,734.0,0,5,0,1
4143.0,735.0,0,5,0,1
4143.0,737.0,0,5,0,1
4143.0,738.0,0,5,0,1
4143.0,740.0,0,5,0,1
4142.0,742.0,0,5,0,1
4142.0,744.0,0,5,0,1
4142.0,746.0,0,5,0,1
4141.0,749.0,0,5,0,1
4141.0,750.0,0,5,0,1
4141.0,752.0,0,5,0,1
4141.0,754.0,0,5,0,1
4140.0,757.0,0,5,0,1
4140.0,758.0,0,5,0,1
4140.0,760.0,0,5,0,1
4140.0,761.0,0,5,0,1
4140.0,762.0,0,5,0,1
4140.0,763.0,0,5,0,1
4140.0,764.0,0,5,0,1
4140.0,765.0,0,5,0,1
4140.0,766.0,0,5,0,1
4140.0,767.0,0,5,0,1
4140.0,768.0,0,5,0,1
4140.0,769.0,0,5,0,1
4139.0,769.0,0,5,0,1
4153.0,775.0,0,5,1,1
4153.0,776.0,0,5,1,1
4153.0,777.0,0,5,1,1
4153.0,778.0,0,5,1,1
4153.0,779.0,0,5,1,1
4153.0,780.0,0,5,1,1
4153.0,782.0,0,5,1,1
4153.0,783.0,0,5,1,1
4153.0,784.0,0,5,1,1
4153.0,787.0,0,5,1,1
4153.0,789.0,0,5,1,1
4153.0,791.0,0,5,1,1
4153.0,793.0,0,5,1,1
4153.0,795.0,0,5,1,1
4153.0,799.0,0,5,1,1
4153.0,801.0,0,5,1,1
4152.0,802.0,0,5,1,1
4152.0,805.0,0,5,1,1
4151.0,806.0,0,5,1,1
4151.0,807.0,0,5,1,1
4151.0,809.0,0,5,1,1
4151.0,810.0,0,5,1,1
4151.0,811.0,0,5,1,1
4151.0,812.0,0,5,1,1
4150.0,812.0,0,5,1,1
4150.0,810.0,0,5,1,1
4149.0,808.0,0,5,1,1
4148.0,805.0,0,5,1,1
4148.0,800.0,0,5,1,1
4146.0,797.0,0,5,1,1
4145.0,791.0,0,5,1,1
4145.0,786.0,0,5,1,1
4144.0,781.0,0,5,1,1
4144.0,774.0,0,5,1,1
4144.0,770.0,0,5,1,1
4144.0,765.0,0,5,1,1
4144.0,760.0,0,5,1,1
4144.0,755.0,0,5,1,1
4144.0,751.0,0,5,1,1
4144.0,746.0,0,5,1,1
4144.0,743.0,0,5,1,1
4144.0,739.0,0,5,1,1
4143.0,736.0,0,5,1,1
4143.0,733.0,0,5,1,1
4143.0,730.0,0,5,1,1
4143.0,727.0,0,5,1,1
4143.0,723.0,0,5,1,1
4142.0,720.0,0,5,1,1
4142.0,717.0,0,5,1,1
4141.0,715.0,0,5,1,1
4141.0,713.0,0,5,1,1
4140.0,711.0,0,5,1,1
4140.0,709.0,0,5,1,1
4140.0,706.0,0,5,1,1
4140.0,705.0,0,5,1,1
4140.0,704.0,0,5,1,1
4138.0,701.0,0,5,1,1
4138.0,699.0,0,5,1,1
4137.0,697.0,0,5,1,1
4137.0,696.0,0,5,1,1
4137.0,694.0,0,5,1,1
4137.0,693.0,0,5,1,1
4137.0,691.0,0,5,1,1
4137.0,690.0,0,5,1,1
4136.0,688.0,0,5,1,1
4136.0,686.0,0,5,1,1
4136.0,685.0,0,5,1,1
4135.0,682.0,0,5,1,1
4135.0,681.0,0,5,1,1
4135.0,679.0,0,5,1,1
4135.0,677.0,0,5,1,1
4135.0,675.0,0,5,1,1
4135.0,674.0,0,5,1,1
4135.0,672.0,0,5,1,1
4135.0,670.0,0,5,1,1
4135.0,668.0,0,5,1,1
4135.0,667.0,0,5,1,1
4135.0,666.0,0,5,1,1
4135.0,664.0,0,5,1,1
4134.0,663.0,0,5,1,1
4134.0,662.0,0,5,1,1
4134.0,661.0,0,5,1,1
4134.0,660.0,0,5,1,1
4134.0,659.0,0,5,1,1
4134.0,657.0,0,5,1,1
4134.0,656.0,0,5,1,1
4134.0,655.0,0,5,1,1
4134.0,654.0,0,5,1,1
4134.0,653.0,0,5,1,1
4134.0,652.0,0,5,1,1
4134.0,651.0,0,5,1,1
4134.0,650.0,0,5,1,1
4134.0,649.0,0,5,1,1
4134.0,648.0,0,5,1,1
4134.0,647.0,0,5,1,1
4134.0,645.0,0,5,1,1
4135.0,645.0,0,5,1,1
4135.0,644.0,0,5,1,1
4135.0,643.0,0,5,1,1
4135.0,642.0,0,5,1,1
4136.0,641.0,0,5,1,1
4136.0,640.0,0,5,1,1
4136.0,639.0,0,5,1,1
4137.0,639.0,0,5,1,1
4137.0,638.0,0,5,1,1
4138.0,638.0,0,5,1,1
4138.0,639.0,0,5,1,1
4138.0,641.0,0,5,1,1
4138.0,643.0,0,5,1,1
4138.0,647.0,0,5,1,1
4138.0,653.0,0,5,1,1
4138.0,657.0,0,5,1,1
4137.0,664.0,0,5,1,1
4135.0,670.0,0,5,1,1
4134.0,677.0,0,5,1,1
4132.0,683.0,0,5,1,1
4131.0,690.0,0,5,1,1
4130.0,696.0,0,5,1,1
4128.0,702.0,0,5,1,1
4128.0,709.0,0,5,1,1
4127.0,713.0,0,5,1,1
4126.0,718.0,0,5,1,1
4126.0,723.0,0,5,1,1
4126.0,729.0,0,5,1,1
4124.0,732.0,0,5,1,1
4124.0,736.0,0,5,1,1
4124.0,739.0,0,5,1,1
4124.0,742.0,0,5,1,1
4124.0,747.0,0,5,1,1
4124.0,749.0,0,5,1,1
4124.0,753.0,0,5,1,1
4124.0,756.0,0,5,1,1
4124.0,759.0,0,5,1,1
4124.0,762.0,0,5,1,1
4124.0,765.0,0,5,1,1
4124.0,767.0,0,5,1,1
4123.0,770.0,0,5,1,1
4123.0,772.0,0,5,1,1
4123.0,774.0,0,5,1,1
4123.0,776.0,0,5,1,1
4123.0,777.0,0,5,1,1
4123.0,779.0,0,5,1,1
4123.0,781.0,0,5,1,1
4123.0,782.0,0,5,1,1
4123.0,784.0,0,5,1,1
4123.0,787.0,0,5,1,1
4123.0,788.0,0,5,1,1
4123.0,789.0,0,5,1,1
4123.0,792.0,0,5,1,1
4123.0,794.0,0,5,1,1
4123.0,796.0,0,5,1,1
4123.0,798.0,0,5,1,1
4123.0,800.0,0,5,1,1
4123.0,802.0,0,5,1,1
4123.0,805.0,0,5,1,1
4123.0,807.0,0,5,1,1
4123.0,809.0,0,5,1,1
4123.0,811.0,0,5,1,1
4123.0,814.0,0,5,1,1
4123.0,815.0,0,5,1,1
4123.0,818.0,0,5,1,1
4123.0,819.0,0,5,1,1
4123.0,821.0,0,5,1,1
4123.0,823.0,0,5,1,1
4123.0,826.0,0,5,1,1
4123.0,828.0,0,5,1,1
4123.0,830.0,0,5,1,1
4123.0,832.0,0,5,1,1
4123.0,834.0,0,5,1,1
4123.0,836.0,0,5,1,1
4123.0,838.0,0,5,1,1
4123.0,840.0,0,5,1,1
4123.0,841.0,0,5,1,1
4123.0,843.0,0,5,1,1
4123.0,844.0,0,5,1,1
4123.0,846.0,0,5,1,1
4124.0,846.0,0,5,1,1
4124.0,845.0,0,5,1,1
4126.0,842.0,0,5,1,1
4128.0,838.0,0,5,1,1
4130.0,831.0,0,5,1,1
4134.0,824.0,0,5,1,1
4137.0,815.0,0,5,1,1
4142.0,804.0,0,5,1,1
4146.0,794.0,0,5,1,1
4153.0,782.0,0,5,1,1
4157.0,772.0,0,5,1,1
4163.0,761.0,0,5,1,1
4167.0,752.0,0,5,1,1
4173.0,742.0,0,5,1,1
4179.0,733.0,0,5,1,1
4183.0,725.0,0,5,1,1
4187.0,718.0,0,5,1,1
4191.0,711.0,0,5,1,1
4193.0,706.0,0,5,1,1
4196.0,700.0,0,5,1,1
4199.0,697.0,0,5,1,1
4200.0,693.0,0,5,1,1
4202.0,690.0,0,5,1,1
4204.0,688.0,0,5,1,1
4205.0,685.0,0,5,1,1
4206.0,683.0,0,5,1,1
4207.0,682.0,0,5,1,1
4207.0,680.0,0,5,1,1
4208.0,678.0,0,5,1,1
4209.0,677.0,0,5,1,1
4209.0,676.0,0,5,1,1
4209.0,675.0,0,5,1,1
4210.0,674.0,0,5,1,1
4210.0,673.0,0,5,1,1
4210.0,672.0,0,5,1,1
4211.0,672.0,0,5,1,1
4211.0,671.0,0,5,1,1
4211.0,670.0,0,5,1,1
4211.0,669.0,0,5,1,1
4033.0,669.0,0,5,0,1
4125.0,640.0,0,5,1,1
4126.0,639.0,0,5,1,1
4127.0,639.0,0,5,1,1
4127.0,637.0,0,5,1,1
4127.0,636.0,0,5,1,1
4127.0,635.0,0,5,1,1
4128.0,633.0,0,5,1,1
4129.0,631.0,0,5,1,1
4129.0,630.0,0,5,1,1
4129.0,629.0,0,5,1,1
4129.0,627.0,0,5,1,1
4129.0,626.0,0,5,1,1
4129.0,624.0,0,5,1,1
4129.0,623.0,0,5,1,1
4130.0,622.0,0,5,1,1
4130.0,621.0,0,5,1,1
4130.0,620.0,0,5,1,1
4131.0,619.0,0,5,1,1
4131.0,618.0,0,5,1,1
4131.0,617.0,0,5,1,1
4131.0,615.0,0,5,1,1
4131.0,614.0,0,5,1,1
4131.0,613.0,0,5,1,1
4131.0,612.0,0,5,1,1
4131.0,611.0,0,5,1,1
4132.0,610.0,0,5,1,1
4133.0,609.0,0,5,1,1
4133.0,608.0,0,5,1,1
4133.0,609.0,0,5,1,1
4134.0,610.0,0,5,1,1
4134.0,612.0,0,5,1,1
4134.0,613.0,0,5,1,1
4134.0,617.0,0,5,1,1
4134.0,620.0,0,5,1,1
4134.0,623.0,0,5,1,1
4134.0,628.0,0,5,1,1
4134.0,633.0,0,5,1,1
4134.0,637.0,0,5,1,1
4134.0,642.0,0,5,1,1
4134.0,647.0,0,5,1,1
4134.0,653.0,0,5,1,1
4134.0,657.0,0,5,1,1
4134.0,661.0,0,5,1,1
4134.0,667.0,0,5,1,1
4134.0,671.0,0,5,1,1
4135.0,675.0,0,5,1,1
4135.0,681.0,0,5,1,1
4135.0,686.0,0,5,1,1
4135.0,692.0,0,5,1,1
4135.0,698.0,0,5,1,1
4135.0,702.0,0,5,1,1
4135.0,709.0,0,5,1,1
4135.0,714.0,0,5,1,1
4135.0,718.0,0,5,1,1
4136.0,724.0,0,5,1,1
4136.0,730.0,0,5,1,1
4136.0,734.0,0,5,1,1
4136.0,737.0,0,5,1,1
4136.0,742.0,0,5,1,1
4136.0,745.0,0,5,1,1
4136.0,748.0,0,5,1,1
4136.0,751.0,0,5,1,1
4136.0,756.0,0,5,1,1
4136.0,759.0,0,5,1,1
4136.0,763.0,0,5,1,1
4137.0,765.0,0,5,1,1
4137.0,768.0,0,5,1,1
4138.0,771.0,0,5,1,1
4138.0,774.0,0,5,1,1
4138.0,777.0,0,5,1,1
4138.0,778.0,0,5,1,1
4138.0,779.0,0,5,1,1
4138.0,780.0,0,5,1,1
4138.0,781.0,0,5,1,1
3958.0,753.0,0,5,2,1
3959.0,753.0,0,5,2,1
3960.0,753.0,0,5,2,1
3961.0,754.0,0,5,2,1
3962.0,755.0,0,5,2,1
3963.0,755.0,0,5,2,1
3964.0,755.0,0,5,2,1
3965.0,755.0,0,5,2,1
3965.0,756.0,0,5,2,1
3966.0,756.0,0,5,2,1
3966.0,757.0,0,5,2,1
3967.0,757.0,0,5,2,1
3968.0,757.0,0,5,2,1
3969.0,757.0,0,5,2,1
3970.0,757.0,0,5,2,1
3971.0,757.0,0,5,2,1
3971.0,758.0,0,5,2,1
3972.0,758.0,0,5,2,1
3973.0,758.0,0,5,2,1
3974.0,758.0,0,5,2,1
3975.0,758.0,0,5,2,1
3976.0,758.0,0,5,2,1
3977.0,758.0,0,5,2,1
3978.0,758.0,0,5,2,1
3979.0,758.0,0,5,2,1
3979.0,759.0,0,5,2,1
3980.0,759.0,0,5,2,1
3981.0,759.0,0,5,2,1
3982.0,759.0,0,5,2,1
3983.0,759.0,0,5,2,1
3984.0,759.0,0,5,2,1
3985.0,759.0,0,5,2,1
3986.0,759.0,0,5,2,1
3987.0,759.0,0,5,2,1
3987.0,760.0,0,5,2,1
3989.0,760.0,0,5,2,1
3990.0,760.0,0,5,2,1
3991.0,760.0,0,5,2,1
3992.0,760.0,0,5,2,1
3993.0,760.0,0,5,2,1
3993.0,761.0,0,5,2,1
3994.0,761.0,0,5,2,1
3995.0,761.0,0,5,2,1
3996.0,761.0,0,5,2,1
3996.0,762.0,0,5,2,1
3997.0,762.0,0,5,2,1
3997.0,763.0,0,5,2,1
3998.0,763.0,0,5,2,1
3999.0,764.0,0,5,2,1
4000.0,765.0,0,5,2,1
4001.0,766.0,0,5,2,1
4002.0,766.0,0,5,2,1
4002.0,767.0,0,5,2,1
4117.0,725.0,0,5,1,1
4117.0,726.0,0,5,1,1
4117.0,727.0,0,5,1,1
4117.0,728.0,0,5,1,1
4118.0,728.0,0,5,1,1
4118.0,729.0,0,5,1,1
4119.0,730.0,0,5,1,1
4119.0,731.0,0,5,1,1
4119.0,732.0,0,5,1,1
4119.0,733.0,0,5,1,1
4120.0,734.0,0,5,1,1
4120.0,735.0,0,5,1,1
4120.0,736.0,0,5,1,1
4120.0,737.0,0,5,1,1
4120.0,738.0,0,5,1,1
4121.0,739.0,0,5,1,1
4121.0,741.0,0,5,1,1
4122.0,741.0,0,5,1,1
4122.0,743.0,0,5,1,1
4122.0,744.0,0,5,1,1
4122.0,745.0,0,5,1,1
4123.0,747.0,0,5,1,1
4123.0,748.0,0,5,1,1
4124.0,749.0,0,5,1,1
4124.0,750.0,0,5,1,1
4124.0,751.0,0,5,1,1
4125.0,751.0,0,5,1,1
4125.0,752.0,0,5,1,1
4125.0,753.0,0,5,1,1
4125.0,754.0,0,5,1,1
3938.0,760.0,0,5,2,1
3939.0,759.0,0,5,2,1
3940.0,759.0,0,5,2,1
3941.0,759.0,0,5,2,1
3941.0,758.0,0,5,2,1
3942.0,758.0,0,5,2,1
3943.0,758.0,0,5,2,1
3943.0,757.0,0,5,2,1
3944.0,757.0,0,5,2,1
3944.0,756.0,0,5,2,1
3945.0,756.0,0,5,2,1
3945.0,755.0,0,5,2,1
3945.0,754.0,0,5,2,1
3945.0,753.0,0,5,2,1
3945.0,752.0,0,5,2,1
3945.0,751.0,0,5,2,1
3945.0,750.0,0,5,2,1
3945.0,749.0,0,5,2,1
3945.0,748.0,0,5,2,1
3945.0,747.0,0,5,2,1
4155.0,801.0,0,5,1,1
4156.0,801.0,0,5,1,1
4156.0,802.0,0,5,1,1
4157.0,803.0,0,5,1,1
4157.0,804.0,0,5,1,1
4157.0,805.0,0,5,1,1
4157.0,806.0,0,5,1,1
4158.0,806.0,0,5,1,1
4158.0,807.0,0,5,1,1
4158.0,808.0,0,5,1,1
4158.0,809.0,0,5,1,1
4158.0,810.0,0,5,1,1
4158.0,811.0,0,5,1,1
4158.0,812.0,0,5,1,1
4158.0,813.0,0,5,1,1
4158.0,814.0,0,5,1,1
4158.0,815.0,0,5,1,1
4156.0,815.0,0,5,1,1
4156.0,816.0,0,5,1,1
4155.0,816.0,0,5,1,1
4154.0,816.0,0,5,1,1
4153.0,816.0,0,5,1,1
4152.0,816.0,0,5,1,1
4152.0,817.0,0,5,1,1
4150.0,817.0,0,5,1,1
4149.0,817.0,0,5,1,1
4148.0,817.0,0,5,1,1
4147.0,817.0,0,5,1,1
4147.0,816.0,0,5,1,1
4145.0,816.0,0,5,1,1
4145.0,815.0,0,5,1,1
4144.0,815.0,0,5,1,1
4143.0,814.0,0,5,1,1
4142.0,814.0,0,5,1,1
4141.0,814.0,0,5,1,1
4139.0,814.0,0,5,1,1
4139.0,813.0,0,5,1,1
4138.0,813.0,0,5,1,1
4137.0,813.0,0,5,1,1
4136.0,813.0,0,5,1,1
4135.0,813.0,0,5,1,1
4134.0,813.0,0,5,1,1
199,33,200,34,0
198,33,199,34,0
197,33,198,34,0
196,33,197,34,0
195,33,196,34,0
2126.0,692.0,0,5,1,1
2126.0,693.0,0,5,1,1
2127.0,694.0,0,5,1,1
2128.0,696.0,0,5,1,1
2128.0,697.0,0,5,1,1
2129.0,697.0,0,5,1,1
2129.0,698.0,0,5,1,1
2129.0,699.0,0,5,1,1
2129.0,700.0,0,5,1,1
2130.0,700.0,0,5,1,1
2130.0,702.0,0,5,1,1
2130.0,703.0,0,5,1,1
2132.0,704.0,0,5,1,1
2132.0,705.0,0,5,1,1
2133.0,705.0,0,5,1,1
2134.0,705.0,0,5,1,1
2135.0,705.0,0,5,1,1
2136.0,705.0,0,5,1,1
2137.0,705.0,0,5,1,1
2138.0,705.0,0,5,1,1
2138.0,704.0,0,5,1,1
2139.0,704.0,0,5,1,1
2139.0,703.0,0,5,1,1
2140.0,703.0,0,5,1,1
2140.0,702.0,0,5,1,1
2141.0,702.0,0,5,1,1
2142.0,702.0,0,5,1,1
2143.0,702.0,0,5,1,1
2144.0,703.0,0,5,1,1
2145.0,703.0,0,5,1,1
2145.0,704.0,0,5,1,1
2146.0,704.0,0,5,1,1
2147.0,704.0,0,5,1,1
2147.0,705.0,0,5,1,1
2147.0,706.0,0,5,1,1
2147.0,707.0,0,5,1,1
2147.0,708.0,0,5,1,1
2147.0,709.0,0,5,1,1
2146.0,709.0,0,5,1,1
2146.0,710.0,0,5,1,1
2146.0,711.0,0,5,1,1
2146.0,712.0,0,5,1,1
2145.0,713.0,0,5,1,1
2145.0,714.0,0,5,1,1
2145.0,715.0,0,5,1,1
2144.0,715.0,0,5,1,1
2144.0,716.0,0,5,1,1
2144.0,717.0,0,5,1,1
2144.0,718.0,0,5,1,1
2144.0,719.0,0,5,1,1
2144.0,720.0,0,5,1,1
2144.0,721.0,0,5,1,1
2144.0,722.0,0,5,1,1
2144.0,723.0,0,5,1,1
2144.0,724.0,0,5,1,1
2144.0,725.0,0,5,1,1
2144.0,726.0,0,5,1,1
2143.0,726.0,0,5,1,1
2143.0,728.0,0,5,1,1
2143.0,729.0,0,5,1,1
2143.0,730.0,0,5,1,1
2143.0,731.0,0,5,1,1
2143.0,732.0,0,5,1,1
2143.0,733.0,0,5,1,1
2143.0,734.0,0,5,1,1
2143.0,735.0,0,5,1,1
2143.0,736.0,0,5,1,1
2143.0,737.0,0,5,1,1
2143.0,738.0,0,5,1,1
2143.0,739.0,0,5,1,1
2143.0,740.0,0,5,1,1
2143.0,741.0,0,5,1,1
2143.0,742.0,0,5,1,1
2143.0,743.0,0,5,1,1
2143.0,744.0,0,5,1,1
2143.0,745.0,0,5,1,1
2143.0,747.0,0,5,1,1
2143.0,748.0,0,5,1,1
2143.0,749.0,0,5,1,1
2143.0,750.0,0,5,1,1
2143.0,752.0,0,5,1,1
2143.0,753.0,0,5,1,1
2143.0,754.0,0,5,1,1
2143.0,755.0,0,5,1,1
2143.0,756.0,0,5,1,1
2143.0,758.0,0,5,1,1
2143.0,759.0,0,5,1,1
2143.0,760.0,0,5,1,1
2143.0,761.0,0,5,1,1
2143.0,762.0,0,5,1,1
2143.0,763.0,0,5,1,1
2143.0,764.0,0,5,1,1
2143.0,765.0,0,5,1,1
2143.0,766.0,0,5,1,1
2143.0,767.0,0,5,1,1
2143.0,768.0,0,5,1,1
2143.0,769.0,0,5,1,1
2143.0,770.0,0,5,1,1
2143.0,771.0,0,5,1,1
2143.0,772.0,0,5,1,1
2143.0,773.0,0,5,1,1
2143.0,774.0,0,5,1,1
2143.0,775.0,0,5,1,1
2143.0,776.0,0,5,1,1
2143.0,777.0,0,5,1,1
2143.0,778.0,0,5,1,1
2143.0,779.0,0,5,1,1
2143.0,780.0,0,5,1,1
2143.0,781.0,0,5,1,1
2143.0,782.0,0,5,1,1
2143.0,783.0,0,5,1,1
2143.0,784.0,0,5,1,1
2143.0,785.0,0,5,1,1
2143.0,787.0,0,5,1,1
2143.0,788.0,0,5,1,1
2143.0,789.0,0,5,1,1
2143.0,790.0,0,5,1,1
2143.0,792.0,0,5,1,1
2143.0,793.0,0,5,1,1
2144.0,794.0,0,5,1,1
2144.0,795.0,0,5,1,1
2145.0,796.0,0,5,1,1
2145.0,797.0,0,5,1,1
2145.0,798.0,0,5,1,1
2145.0,799.0,0,5,1,1
2145.0,800.0,0,5,1,1
2145.0,802.0,0,5,1,1
2145.0,803.0,0,5,1,1
2145.0,804.0,0,5,1,1
2145.0,805.0,0,5,1,1
2145.0,806.0,0,5,1,1
2145.0,807.0,0,5,1,1
2145.0,808.0,0,5,1,1
112,42,113,43,2
2301.0,185.0,0,5,2,1
2302.0,185.0,0,5,2,1
2303.0,185.0,0,5,2,1
2304.0,185.0,0,5,2,1
2304.0,184.0,0,5,2,1
2305.0,184.0,0,5,2,1
2304.0,184.0,0,5,2,1
2302.0,184.0,0,5,2,1
2301.0,183.0,0,5,2,1
2300.0,183.0,0,5,2,1
2299.0,183.0,0,5,2,1
2298.0,183.0,0,5,2,1
2297.0,183.0,0,5,2,1
2296.0,183.0,0,5,2,1
2294.0,183.0,0,5,2,1
2293.0,183.0,0,5,2,1
2292.0,183.0,0,5,2,1
2290.0,183.0,0,5,2,1
2289.0,183.0,0,5,2,1
2288.0,183.0,0,5,2,1
2286.0,183.0,0,5,2,1
2285.0,183.0,0,5,2,1
2284.0,183.0,0,5,2,1
2283.0,183.0,0,5,2,1
2282.0,183.0,0,5,2,1
2280.0,183.0,0,5,2,1
2279.0,183.0,0,5,2,1
2279.0,184.0,0,5,2,1
2280.0,184.0,0,5,2,1
2281.0,185.0,0,5,2,1
2282.0,185.0,0,5,2,1
2283.0,185.0,0,5,2,1
2284.0,185.0,0,5,2,1
2284.0,186.0,0,5,2,1
2285.0,186.0,0,5,2,1
2286.0,186.0,0,5,2,1
2306.0,186.0,0,5,2,1
2326.0,186.0,0,5,2,1
2346.0,186.0,0,5,2,1
2366.0,186.0,0,5,2,1
2386.0,186.0,0,5,2,1
2406.0,186.0,0,5,2,1
2426.0,186.0,0,5,2,1
2446.0,186.0,0,5,2,1
2466.0,186.0,0,5,2,1
2486.0,186.0,0,5,2,1
2506.0,186.0,0,5,2,1
2526.0,186.0,0,5,2,1
2546.0,186.0,0,5,2,1
2566.0,186.0,0,5,2,1
2586.0,186.0,0,5,2,1
2606.0,186.0,0,5,2,1
2626.0,186.0,0,5,2,1
2646.0,186.0,0,5,2,1
2666.0,186.0,0,5,2,1
2686.0,186.0,0,5,2,1
2706.0,186.0,0,5,2,1
2726.0,186.0,0,5,2,1
2746.0,186.0,0,5,2,1
2766.0,186.0,0,5,2,1
2786.0,186.0,0,5,2,1
2806.0,186.0,0,5,2,1
2826.0,186.0,0,5,2,1
2846.0,186.0,0,5,2,1
2866.0,186.0,0,5,2,1
2886.0,186.0,0,5,2,1
2906.0,186.0,0,5,2,1
2926.0,186.0,0,5,2,1
2946.0,186.0,0,5,2,1
2966.0,186.0,0,5,2,1
2986.0,186.0,0,5,2,1
3006.0,186.0,0,5,2,1
3026.0,186.0,0,5,2,1
3046.0,186.0,0,5,2,1
3066.0,186.0,0,5,2,1
3086.0,186.0,0,5,2,1
3106.0,186.0,0,5,2,1
3126.0,186.0,0,5,2,1
3146.0,186.0,0,5,2,1
3166.0,186.0,0,5,2,1
3186.0,186.0,0,5,2,1
3206.0,186.0,0,5,2,1
3226.0,186.0,0,5,2,1
3246.0,186.0,0,5,2,1
3266.0,186.0,0,5,2,1
3286.0,186.0,0,5,2,1
3306.0,186.0,0,5,2,1
3326.0,186.0,0,5,2,1
3346.0,186.0,0,5,2,1
3366.0,186.0,0,5,2,1
3386.0,186.0,0,5,2,1
3406.0,186.0,0,5,2,1
3426.0,186.0,0,5,2,1
3446.0,186.0,0,5,2,1
3466.0,186.0,0,5,2,1
3486.0,186.0,0,5,2,1
3506.0,186.0,0,5,2,1
3526.0,186.0,0,5,2,1
3546.0,186.0,0,5,2,1
3566.0,186.0,0,5,2,1
3586.0,186.0,0,5,2,1
3606.0,186.0,0,5,2,1
3626.0,186.0,0,5,2,1
3646.0,186.0,0,5,2,1
3666.0,186.0,0,5,2,1
3686.0,186.0,0,5,2,1
3706.0,186.0,0,5,2,1
3726.0,186.0,0,5,2,1
3746.0,186.0,0,5,2,1
3766.0,186.0,0,5,2,1
3786.0,186.0,0,5,2,1
3806.0,186.0,0,5,2,1
3826.0,186.0,0,5,2,1
3846.0,186.0,0,5,2,1
3866.0,186.0,0,5,2,1
3886.0,186.0,0,5,2,1
3906.0,186.0,0,5,2,1
3926.0,186.0,0,5,2,1
3946.0,186.0,0,5,2,1
3966.0,186.0,0,5,2,1
3986.0,186.0,0,5,2,1
4006.0,186.0,0,5,2,1
4026.0,186.0,0,5,2,1
4046.0,186.0,0,5,2,1
4066.0,186.0,0,5,2,1
4086.0,186.0,0,5,2,1
4106.0,186.0,0,5,2,1
4107.0,186.0,0,5,0,1
4107.0,187.0,0,5,0,1
4108.0,187.0,0,5,0,1
4109.0,187.0,0,5,0,1
4110.0,187.0,0,5,0,1
4120.0,182.0,0,5,1,1
4119.0,182.0,0,5,1,1
4117.0,182.0,0,5,1,1
4115.0,182.0,0,5,1,1
4114.0,182.0,0,5,1,1
4113.0,182.0,0,5,1,1
4111.0,182.0,0,5,1,1
4110.0,182.0,0,5,1,1
4109.0,182.0,0,5,1,1
4108.0,182.0,0,5,1,1
4106.0,182.0,0,5,1,1
4104.0,182.0,0,5,1,1
4103.0,182.0,0,5,1,1
4102.0,182.0,0,5,1,1
4101.0,182.0,0,5,1,1
4100.0,182.0,0,5,1,1
4099.0,182.0,0,5,1,1
4098.0,182.0,0,5,1,1
4097.0,182.0,0,5,1,1
4096.0,182.0,0,5,1,1
4095.0,182.0,0,5,1,1
4094.0,182.0,0,5,1,1
4093.0,182.0,0,5,1,1
4091.0,182.0,0,5,1,1
4090.0,182.0,0,5,1,1
4088.0,182.0,0,5,1,1
4087.0,182.0,0,5,1,1
4086.0,182.0,0,5,1,1
4084.0,182.0,0,5,1,1
4083.0,182.0,0,5,1,1
4082.0,182.0,0,5,1,1
4080.0,182.0,0,5,1,1
4079.0,182.0,0,5,1,1
4078.0,182.0,0,5,1,1
4076.0,182.0,0,5,1,1
4075.0,182.0,0,5,1,1
4074.0,182.0,0,5,1,1
4073.0,182.0,0,5,1,1
4071.0,182.0,0,5,1,1
3933.0,179.0,0,5,2,1
3934.0,179.0,0,5,2,1
3935.0,179.0,0,5,2,1
3936.0,179.0,0,5,2,1
3937.0,179.0,0,5,2,1
3938.0,180.0,0,5,2,1
3939.0,180.0,0,5,2,1
3940.0,180.0,0,5,2,1
3941.0,181.0,0,5,2,1
3942.0,181.0,0,5,2,1
3942.0,182.0,0,5,2,1
3943.0,182.0,0,5,2,1
3944.0,182.0,0,5,2,1
3945.0,182.0,0,5,2,1
3946.0,182.0,0,5,2,1
3946.0,183.0,0,5,2,1
3947.0,183.0,0,5,2,1
3941.0,6.0,0,5,1,1
3939.0,5.0,0,5,1,1
3938.0,3.0,0,5,1,1
3936.0,2.0,0,5,1,1
3935.0,2.0,0,5,1,1
3935.0,1.0,0,5,1,1
3934.0,1.0,0,5,1,1
3933.0,1.0,0,5,1,1
3933.0,0.0,0,5,1,1
3934.0,0.0,0,5,1,1
3935.0,0.0,0,5,1,1
200,12,201,13,2
201,11,202,12,2
201,12,202,13,2
201,6,202,7,2
201,5,202,6,2
111,13,112,14,2
110,11,111,12,1
110,10,111,11,1
109,9,110,10,1
110,9,111,10,1
109,8,110,9,1
110,8,111,9,1
110,7,111,8,1
110,6,111,7,1
4623.0,379.0,0,5,0,1
4624.0,379.0,0,5,0,1
4625.0,379.0,0,5,0,1
4626.0,379.0,0,5,0,1
4627.0,379.0,0,5,0,1
4628.0,379.0,0,5,0,1
4629.0,379.0,0,5,0,1
4630.0,379.0,0,5,0,1
4631.0,379.0,0,5,0,1
4632.0,379.0,0,5,0,1
2230.0,267.0,0,1,3,1
2231.0,267.0,0,1,3,1
2232.0,267.0,0,1,3,1
2233.0,267.0,0,1,3,1
2235.0,267.0,0,1,3,1
2236.0,267.0,0,1,3,1
2237.0,267.0,0,1,3,1
2238.0,267.0,0,1,3,1
2240.0,267.0,0,1,3,1
2241.0,267.0,0,1,3,1
2242.0,267.0,0,1,3,1
2243.0,267.0,0,1,3,1
2244.0,267.0,0,1,3,1
2245.0,267.0,0,1,3,1
2247.0,267.0,0,1,3,1
2248.0,267.0,0,1,3,1
2249.0,267.0,0,1,3,1
2250.0,267.0,0,1,3,1
2251.0,267.0,0,1,3,1
2252.0,267.0,0,1,3,1
2253.0,267.0,0,1,3,1
2254.0,268.0,0,1,3,1
2255.0,268.0,0,1,3,1
2256.0,268.0,0,1,3,1
2257.0,268.0,0,1,3,1
2258.0,268.0,0,1,3,1
2259.0,268.0,0,1,3,1
2260.0,268.0,0,1,3,1
2261.0,268.0,0,1,3,1
2262.0,268.0,0,1,3,1
2263.0,268.0,0,1,3,1
2265.0,268.0,0,1,3,1
2266.0,268.0,0,1,3,1
2267.0,268.0,0,1,3,1
2268.0,268.0,0,1,3,1
2269.0,268.0,0,1,3,1
2271.0,268.0,0,1,3,1
2272.0,268.0,0,1,3,1
2274.0,268.0,0,1,3,1
2275.0,268.0,0,1,3,1
2277.0,268.0,0,1,3,1
2278.0,268.0,0,1,3,1
2279.0,268.0,0,1,3,1
2280.0,268.0,0,1,3,1
2281.0,268.0,0,1,3,1
2282.0,268.0,0,1,3,1
2283.0,268.0,0,1,3,1
2284.0,268.0,0,1,3,1
2285.0,268.0,0,1,3,1
2286.0,268.0,0,1,3,1
2287.0,268.0,0,1,3,1
2288.0,268.0,0,1,3,1
2289.0,268.0,0,1,3,1
2290.0,268.0,0,1,3,1
2291.0,268.0,0,1,3,1
2292.0,268.0,0,1,3,1
2293.0,268.0,0,1,3,1
2294.0,268.0,0,1,3,1
2295.0,268.0,0,1,3,1
2296.0,268.0,0,1,3,1
2297.0,268.0,0,1,3,1
2298.0,268.0,0,1,3,1
2299.0,268.0,0,1,3,1
2300.0,268.0,0,1,3,1
2302.0,267.0,0,1,3,1
2303.0,267.0,0,1,3,1
2305.0,267.0,0,1,3,1
2306.0,267.0,0,1,3,1
2308.0,267.0,0,1,3,1
2309.0,267.0,0,1,3,1
2310.0,267.0,0,1,3,1
2312.0,267.0,0,1,3,1
2315.0,267.0,0,1,3,1
2317.0,267.0,0,1,3,1
2319.0,267.0,0,1,3,1
2321.0,267.0,0,1,3,1
2324.0,267.0,0,1,3,1
2327.0,267.0,0,1,3,1
2330.0,267.0,0,1,3,1
2333.0,267.0,0,1,3,1
2335.0,267.0,0,1,3,1
2338.0,267.0,0,1,3,1
2341.0,267.0,0,1,3,1
2344.0,267.0,0,1,3,1
2347.0,267.0,0,1,3,1
2349.0,268.0,0,1,3,1
2352.0,268.0,0,1,3,1
2355.0,268.0,0,1,3,1
2358.0,268.0,0,1,3,1
2360.0,268.0,0,1,3,1
2362.0,268.0,0,1,3,1
2364.0,268.0,0,1,3,1
2366.0,268.0,0,1,3,1
2368.0,268.0,0,1,3,1
2370.0,269.0,0,1,3,1
2372.0,269.0,0,1,3,1
2374.0,269.0,0,1,3,1
2376.0,269.0,0,1,3,1
2378.0,269.0,0,1,3,1
2379.0,269.0,0,1,3,1
2381.0,269.0,0,1,3,1
2383.0,269.0,0,1,3,1
2385.0,269.0,0,1,3,1
2387.0,269.0,0,1,3,1
2388.0,269.0,0,1,3,1
2391.0,269.0,0,1,3,1
2393.0,269.0,0,1,3,1
2394.0,269.0,0,1,3,1
2396.0,269.0,0,1,3,1
2398.0,269.0,0,1,3,1
2401.0,269.0,0,1,3,1
2403.0,269.0,0,1,3,1
2405.0,269.0,0,1,3,1
2406.0,269.0,0,1,3,1
2409.0,269.0,0,1,3,1
2410.0,269.0,0,1,3,1
2412.0,269.0,0,1,3,1
2413.0,269.0,0,1,3,1
2415.0,269.0,0,1,3,1
2417.0,269.0,0,1,3,1
2418.0,269.0,0,1,3,1
2420.0,269.0,0,1,3,1
2422.0,269.0,0,1,3,1
2424.0,269.0,0,1,3,1
2425.0,269.0,0,1,3,1
2427.0,269.0,0,1,3,1
2428.0,269.0,0,1,3,1
2430.0,269.0,0,1,3,1
2431.0,269.0,0,1,3,1
2432.0,269.0,0,1,3,1
2433.0,269.0,0,1,3,1
2435.0,269.0,0,1,3,1
2436.0,269.0,0,1,3,1
2437.0,269.0,0,1,3,1
2438.0,269.0,0,1,3,1
2439.0,269.0,0,1,3,1
2440.0,269.0,0,1,3,1
2441.0,269.0,0,1,3,1
2442.0,269.0,0,1,3,1
2444.0,269.0,0,1,3,1
2445.0,268.0,0,1,3,1
2446.0,268.0,0,1,3,1
2447.0,268.0,0,1,3,1
2448.0,268.0,0,1,3,1
2449.0,268.0,0,1,3,1
2450.0,268.0,0,1,3,1
2451.0,268.0,0,1,3,1
2452.0,268.0,0,1,3,1
2454.0,268.0,0,1,3,1
2455.0,268.0,0,1,3,1
2456.0,268.0,0,1,3,1
2457.0,268.0,0,1,3,1
2458.0,268.0,0,1,3,1
2459.0,268.0,0,1,3,1
2460.0,268.0,0,1,3,1
2462.0,268.0,0,1,3,1
2464.0,268.0,0,1,3,1
2465.0,268.0,0,1,3,1
2466.0,268.0,0,1,3,1
2467.0,268.0,0,1,3,1
2469.0,268.0,0,1,3,1
2470.0,268.0,0,1,3,1
2471.0,268.0,0,1,3,1
2472.0,268.0,0,1,3,1
2473.0,268.0,0,1,3,1
2475.0,268.0,0,1,3,1
2476.0,268.0,0,1,3,1
2477.0,268.0,0,1,3,1
2478.0,268.0,0,1,3,1
2479.0,268.0,0,1,3,1
2480.0,268.0,0,1,3,1
2481.0,268.0,0,1,3,1
2482.0,268.0,0,1,3,1
2483.0,268.0,0,1,3,1
2484.0,268.0,0,1,3,1
2485.0,268.0,0,1,3,1
2486.0,268.0,0,1,3,1
2487.0,268.0,0,1,3,1
2488.0,268.0,0,1,3,1
2489.0,268.0,0,1,3,1
2490.0,268.0,0,1,3,1
2491.0,268.0,0,1,3,1
2492.0,268.0,0,1,3,1
2493.0,268.0,0,1,3,1
2494.0,268.0,0,1,3,1
2495.0,268.0,0,1,3,1
2496.0,268.0,0,1,3,1
2497.0,268.0,0,1,3,1
2498.0,268.0,0,1,3,1
2499.0,268.0,0,1,3,1
2500.0,268.0,0,1,3,1
2501.0,268.0,0,1,3,1
2502.0,268.0,0,1,3,1
2503.0,268.0,0,1,3,1
2504.0,268.0,0,1,3,1
2505.0,268.0,0,1,3,1
2506.0,268.0,0,1,3,1
2507.0,267.0,0,1,3,1
2508.0,267.0,0,1,3,1
2509.0,267.0,0,1,3,1
2511.0,267.0,0,1,3,1
2512.0,267.0,0,1,3,1
2513.0,267.0,0,1,3,1
2514.0,267.0,0,1,3,1
2515.0,267.0,0,1,3,1
2516.0,267.0,0,1,3,1
2516.0,266.0,0,1,3,1
2517.0,266.0,0,1,3,1
2518.0,266.0,0,1,3,1
2519.0,266.0,0,1,3,1
2520.0,266.0,0,1,3,1
2521.0,266.0,0,1,3,1
2522.0,266.0,0,1,3,1
2523.0,266.0,0,1,3,1
2524.0,266.0,0,1,3,1
2525.0,266.0,0,1,3,1
2527.0,266.0,0,1,3,1
2528.0,266.0,0,1,3,1
2529.0,266.0,0,1,3,1
2530.0,266.0,0,1,3,1
2531.0,266.0,0,1,3,1
2532.0,266.0,0,1,3,1
2533.0,266.0,0,1,3,1
2534.0,266.0,0,1,3,1
2535.0,266.0,0,1,3,1
2536.0,266.0,0,1,3,1
2537.0,266.0,0,1,3,1
2538.0,266.0,0,1,3,1
2539.0,266.0,0,1,3,1
2540.0,266.0,0,1,3,1
2541.0,266.0,0,1,3,1
2542.0,266.0,0,1,3,1
2543.0,266.0,0,1,3,1
2544.0,266.0,0,1,3,1
2546.0,266.0,0,1,3,1
2547.0,266.0,0,1,3,1
2548.0,266.0,0,1,3,1
2550.0,266.0,0,1,3,1
2552.0,266.0,0,1,3,1
2553.0,266.0,0,1,3,1
2555.0,266.0,0,1,3,1
2556.0,266.0,0,1,3,1
2557.0,266.0,0,1,3,1
2558.0,266.0,0,1,3,1
2559.0,266.0,0,1,3,1
2560.0,266.0,0,1,3,1
2562.0,266.0,0,1,3,1
2564.0,266.0,0,1,3,1
2565.0,266.0,0,1,3,1
2567.0,266.0,0,1,3,1
2568.0,266.0,0,1,3,1
2569.0,266.0,0,1,3,1
2570.0,266.0,0,1,3,1
2571.0,266.0,0,1,3,1
2572.0,266.0,0,1,3,1
2574.0,266.0,0,1,3,1
2575.0,266.0,0,1,3,1
2577.0,266.0,0,1,3,1
2578.0,266.0,0,1,3,1
2580.0,266.0,0,1,3,1
2581.0,266.0,0,1,3,1
2582.0,266.0,0,1,3,1
2584.0,266.0,0,1,3,1
2585.0,266.0,0,1,3,1
2586.0,265.0,0,1,3,1
2587.0,265.0,0,1,3,1
2588.0,265.0,0,1,3,1
2589.0,265.0,0,1,3,1
2590.0,265.0,0,1,3,1
2591.0,265.0,0,1,3,1
2592.0,265.0,0,1,3,1
2593.0,265.0,0,1,3,1
2594.0,265.0,0,1,3,1
2595.0,265.0,0,1,3,1
2596.0,265.0,0,1,3,1
2597.0,265.0,0,1,3,1
2598.0,265.0,0,1,3,1
2599.0,265.0,0,1,3,1
2600.0,265.0,0,1,3,1
2601.0,265.0,0,1,3,1
2602.0,265.0,0,1,3,1
2603.0,265.0,0,1,3,1
2605.0,265.0,0,1,3,1
2606.0,265.0,0,1,3,1
2608.0,265.0,0,1,3,1
2609.0,265.0,0,1,3,1
2611.0,265.0,0,1,3,1
2613.0,265.0,0,1,3,1
2614.0,265.0,0,1,3,1
2615.0,265.0,0,1,3,1
2616.0,265.0,0,1,3,1
2617.0,265.0,0,1,3,1
2618.0,265.0,0,1,3,1
2620.0,265.0,0,1,3,1
2621.0,265.0,0,1,3,1
2622.0,265.0,0,1,3,1
2624.0,265.0,0,1,3,1
2625.0,265.0,0,1,3,1
2626.0,265.0,0,1,3,1
2627.0,264.0,0,1,3,1
2628.0,264.0,0,1,3,1
2629.0,264.0,0,1,3,1
2631.0,264.0,0,1,3,1
2632.0,264.0,0,1,3,1
2634.0,264.0,0,1,3,1
2636.0,264.0,0,1,3,1
2637.0,264.0,0,1,3,1
2638.0,264.0,0,1,3,1
2639.0,264.0,0,1,3,1
2641.0,264.0,0,1,3,1
2642.0,264.0,0,1,3,1
2643.0,264.0,0,1,3,1
2644.0,264.0,0,1,3,1
2645.0,264.0,0,1,3,1
2647.0,264.0,0,1,3,1
2648.0,264.0,0,1,3,1
2649.0,264.0,0,1,3,1
2650.0,264.0,0,1,3,1
2651.0,264.0,0,1,3,1
2652.0,264.0,0,1,3,1
2653.0,264.0,0,1,3,1
2654.0,264.0,0,1,3,1
2655.0,264.0,0,1,3,1
2656.0,264.0,0,1,3,1
2657.0,264.0,0,1,3,1
2659.0,264.0,0,1,3,1
2661.0,264.0,0,1,3,1
2662.0,264.0,0,1,3,1
2663.0,264.0,0,1,3,1
2664.0,264.0,0,1,3,1
2665.0,264.0,0,1,3,1
2666.0,264.0,0,1,3,1
2668.0,263.0,0,1,3,1
2669.0,263.0,0,1,3,1
2671.0,263.0,0,1,3,1
2672.0,263.0,0,1,3,1
2674.0,263.0,0,1,3,1
2675.0,263.0,0,1,3,1
2676.0,263.0,0,1,3,1
2679.0,263.0,0,1,3,1
2680.0,263.0,0,1,3,1
2681.0,263.0,0,1,3,1
2683.0,263.0,0,1,3,1
2684.0,263.0,0,1,3,1
2686.0,263.0,0,1,3,1
2687.0,263.0,0,1,3,1
2689.0,263.0,0,1,3,1
2690.0,263.0,0,1,3,1
2692.0,263.0,0,1,3,1
2694.0,263.0,0,1,3,1
2695.0,263.0,0,1,3,1
2696.0,263.0,0,1,3,1
2698.0,263.0,0,1,3,1
2700.0,263.0,0,1,3,1
2702.0,263.0,0,1,3,1
2703.0,263.0,0,1,3,1
2705.0,263.0,0,1,3,1
2707.0,263.0,0,1,3,1
2708.0,263.0,0,1,3,1
2710.0,263.0,0,1,3,1
2711.0,263.0,0,1,3,1
2714.0,263.0,0,1,3,1
2715.0,263.0,0,1,3,1
2716.0,263.0,0,1,3,1
2719.0,264.0,0,1,3,1
2720.0,264.0,0,1,3,1
2721.0,264.0,0,1,3,1
2722.0,264.0,0,1,3,1
2724.0,264.0,0,1,3,1
2725.0,264.0,0,1,3,1
2726.0,264.0,0,1,3,1
2728.0,264.0,0,1,3,1
2729.0,264.0,0,1,3,1
2730.0,264.0,0,1,3,1
2731.0,264.0,0,1,3,1
2732.0,264.0,0,1,3,1
2734.0,264.0,0,1,3,1
2735.0,264.0,0,1,3,1
2737.0,264.0,0,1,3,1
2738.0,264.0,0,1,3,1
2740.0,264.0,0,1,3,1
2742.0,265.0,0,1,3,1
2743.0,265.0,0,1,3,1
2744.0,265.0,0,1,3,1
2745.0,265.0,0,1,3,1
2747.0,265.0,0,1,3,1
2748.0,265.0,0,1,3,1
2749.0,265.0,0,1,3,1
2750.0,265.0,0,1,3,1
2752.0,265.0,0,1,3,1
2753.0,265.0,0,1,3,1
2755.0,265.0,0,1,3,1
2755.0,266.0,0,1,3,1
2756.0,266.0,0,1,3,1
2758.0,266.0,0,1,3,1
2759.0,266.0,0,1,3,1
2760.0,266.0,0,1,3,1
2761.0,266.0,0,1,3,1
2762.0,266.0,0,1,3,1
138,13,195,14,3
195,13,196,14,3
196,13,197,14,3
197,13,197,13,3
199,13,200,14,3
198,13,198,13,3
197,13,198,14,3
198,13,199,14,3
200,13,201,14,3
201,13,202,14,3
274,390,4660,380,4
274,390,4660,380,4
111,21,0,0,5
148,21,0,0,5
162,21,0,0,5
148,21,0,0,6
274,390,4660,380,4
274,390,4660,380,4
256.0,256.0,0,0,-1
162,21,0,0,6
203,21,0,0,5
4709.0,398.0,0,9,2,1
4709.0,400.0,0,9,2,1
4709.0,402.0,0,9,2,1
4709.0,403.0,0,9,2,1
4709.0,404.0,0,9,2,1
4709.0,405.0,0,9,2,1
4709.0,406.0,0,9,2,1
4710.0,406.0,0,9,2,1
4710.0,407.0,0,9,2,1
4710.0,408.0,0,9,2,1
4710.0,428.0,0,9,2,1
4710.0,448.0,0,9,2,1
4710.0,468.0,0,9,2,1
4710.0,488.0,0,9,2,1
4710.0,508.0,0,9,2,1
4710.0,528.0,0,9,2,1
4710.0,548.0,0,9,2,1
4710.0,568.0,0,9,2,1
4710.0,588.0,0,9,2,1
4710.0,608.0,0,9,2,1
4710.0,628.0,0,9,2,1
4710.0,648.0,0,9,2,1
4710.0,668.0,0,9,2,1
4710.0,688.0,0,9,2,1
4710.0,708.0,0,9,2,1
4710.0,728.0,0,9,2,1
4710.0,748.0,0,9,2,1
4710.0,768.0,0,9,2,1
4710.0,788.0,0,9,2,1
4710.0,808.0,0,9,2,1
4710.0,828.0,0,9,2,1
4710.0,848.0,0,9,2,1
4710.0,868.0,0,9,2,1
4710.0,888.0,0,9,2,1
4710.0,908.0,0,9,2,1
4710.0,928.0,0,9,2,1
4710.0,948.0,0,9,2,1
4710.0,968.0,0,9,2,1
4710.0,988.0,0,9,2,1
4710.0,1008.0,0,9,2,1
4710.0,1028.0,0,9,2,1
4710.0,1048.0,0,9,2,1
4710.0,1068.0,0,9,2,1
4710.0,1088.0,0,9,2,1
4710.0,1108.0,0,9,2,1
4710.0,1128.0,0,9,2,1
4710.0,1148.0,0,9,2,1
4710.0,1168.0,0,9,2,1
4710.0,1188.0,0,9,2,1
4710.0,1208.0,0,9,2,1
4710.0,1228.0,0,9,2,1
4710.0,1248.0,0,9,2,1
4710.0,1268.0,0,9,2,1
4710.0,1288.0,0,9,2,1
4710.0,1308.0,0,9,2,1
4710.0,1328.0,0,9,2,1
4710.0,1348.0,0,9,2,1
4710.0,1368.0,0,9,2,1
4710.0,1388.0,0,9,2,1
4710.0,1408.0,0,9,2,1
4710.0,1428.0,0,9,2,1
4710.0,1448.0,0,9,2,1
4710.0,1468.0,0,9,2,1
4710.0,1488.0,0,9,2,1
4710.0,1508.0,0,9,2,1
4710.0,1528.0,0,9,2,1
4710.0,1548.0,0,9,2,1
4710.0,1568.0,0,9,2,1
4710.0,1588.0,0,9,2,1
4710.0,1608.0,0,9,2,1
4710.0,1628.0,0,9,2,1
4710.0,1648.0,0,9,2,1
4710.0,1668.0,0,9,2,1
4710.0,1688.0,0,9,2,1
4710.0,1668.0,0,9,2,1
4710.0,1648.0,0,9,2,1
4710.0,1628.0,0,9,2,1
4710.0,1608.0,0,9,2,1
4710.0,1588.0,0,9,2,1
4710.0,1568.0,0,9,2,1
4710.0,1548.0,0,9,2,1
4710.0,1528.0,0,9,2,1
4710.0,1508.0,0,9,2,1
4710.0,1488.0,0,9,2,1
4710.0,1468.0,0,9,2,1
4710.0,1448.0,0,9,2,1
4710.0,1428.0,0,9,2,1
4710.0,1408.0,0,9,2,1
4710.0,1388.0,0,9,2,1
4710.0,1368.0,0,9,2,1
4710.0,1348.0,0,9,2,1
4710.0,1328.0,0,9,2,1
4710.0,1308.0,0,9,2,1
4710.0,1288.0,0,9,2,1
4710.0,1268.0,0,9,2,1
4710.0,1248.0,0,9,2,1
4710.0,1228.0,0,9,2,1
4710.0,1208.0,0,9,2,1
4710.0,1188.0,0,9,2,1
4710.0,1168.0,0,9,2,1
4710.0,1148.0,0,9,2,1
4710.0,1128.0,0,9,2,1
4710.0,1108.0,0,9,2,1
4710.0,1088.0,0,9,2,1
4710.0,1068.0,0,9,2,1
4710.0,1048.0,0,9,2,1
4710.0,1028.0,0,9,2,1
4710.0,1008.0,0,9,2,1
4710.0,988.0,0,9,2,1
4710.0,968.0,0,9,2,1
4710.0,948.0,0,9,2,1
4710.0,928.0,0,9,2,1
4710.0,908.0,0,9,2,1
4710.0,888.0,0,9,2,1
4710.0,868.0,0,9,2,1
4710.0,848.0,0,9,2,1
4710.0,828.0,0,9,2,1
4710.0,808.0,0,9,2,1
4710.0,788.0,0,9,2,1
4710.0,768.0,0,9,2,1
4710.0,748.0,0,9,2,1
4710.0,728.0,0,9,2,1
4710.0,708.0,0,9,2,1
4710.0,688.0,0,9,2,1
4710.0,668.0,0,9,2,1
4710.0,648.0,0,9,2,1
4710.0,628.0,0,9,2,1
4710.0,648.0,0,9,2,1
4518.0,372.0,0,5,0,1
4519.0,372.0,0,5,0,1
4520.0,373.0,0,5,0,1
4521.0,373.0,0,5,0,1
4522.0,373.0,0,5,0,1
4523.0,373.0,0,5,0,1
4524.0,374.0,0,5,0,1
4525.0,374.0,0,5,0,1
4526.0,374.0,0,5,0,1
4527.0,374.0,0,5,0,1
4528.0,374.0,0,5,0,1
4529.0,374.0,0,5,0,1
4530.0,374.0,0,5,0,1
4531.0,374.0,0,5,0,1
4533.0,374.0,0,5,0,1
4534.0,374.0,0,5,0,1
4535.0,374.0,0,5,0,1
4536.0,374.0,0,5,0,1
4537.0,374.0,0,5,0,1
4538.0,374.0,0,5,0,1
4539.0,374.0,0,5,0,1
4540.0,374.0,0,5,0,1
4541.0,374.0,0,5,0,1
4542.0,374.0,0,5,0,1
4544.0,374.0,0,5,0,1
4546.0,373.0,0,5,0,1
4547.0,373.0,0,5,0,1
4547.0,372.0,0,5,0,1
4548.0,372.0,0,5,0,1
4549.0,372.0,0,5,0,1
4550.0,372.0,0,5,0,1
4551.0,372.0,0,5,0,1
4551.0,371.0,0,5,0,1
4552.0,371.0,0,5,0,1
4553.0,371.0,0,5,0,1
4554.0,371.0,0,5,0,1
4555.0,371.0,0,5,0,1
4556.0,370.0,0,5,0,1
4557.0,370.0,0,5,0,1
4558.0,369.0,0,5,0,1
4559.0,369.0,0,5,0,1
4560.0,369.0,0,5,0,1
4561.0,369.0,0,5,0,1
4562.0,369.0,0,5,0,1
4563.0,368.0,0,5,0,1
4564.0,368.0,0,5,0,1
4565.0,368.0,0,5,0,1
4566.0,368.0,0,5,0,1
4567.0,368.0,0,5,0,1
4568.0,368.0,0,5,0,1
4569.0,368.0,0,5,0,1
4570.0,368.0,0,5,0,1
4571.0,368.0,0,5,0,1
4572.0,368.0,0,5,0,1
4573.0,368.0,0,5,0,1
4574.0,368.0,0,5,0,1
4575.0,368.0,0,5,0,1
4576.0,368.0,0,5,0,1
4577.0,368.0,0,5,0,1
4579.0,368.0,0,5,0,1
4581.0,368.0,0,5,0,1
4582.0,368.0,0,5,0,1
4583.0,368.0,0,5,0,1
4584.0,368.0,0,5,0,1
4585.0,368.0,0,5,0,1
4586.0,368.0,0,5,0,1
4587.0,368.0,0,5,0,1
4588.0,368.0,0,5,0,1
4589.0,368.0,0,5,0,1
4590.0,368.0,0,5,0,1
4591.0,368.0,0,5,0,1
4592.0,368.0,0,5,0,1
4593.0,368.0,0,5,0,1
4594.0,368.0,0,5,0,1
4595.0,368.0,0,5,0,1
4596.0,367.0,0,5,0,1
4597.0,367.0,0,5,0,1
4598.0,367.0,0,5,0,1
4599.0,367.0,0,5,0,1
4600.0,367.0,0,5,0,1
4601.0,367.0,0,5,0,1
4602.0,367.0,0,5,0,1
4603.0,367.0,0,5,0,1
4604.0,367.0,0,5,0,1
4605.0,367.0,0,5,0,1
4606.0,367.0,0,5,0,1
4607.0,367.0,0,5,0,1
4608.0,367.0,0,5,0,1
4609.0,367.0,0,5,0,1
4610.0,367.0,0,5,0,1
4611.0,367.0,0,5,0,1
4612.0,367.0,0,5,0,1
4613.0,367.0,0,5,0,1
4614.0,367.0,0,5,0,1
4614.0,366.0,0,5,0,1
4615.0,366.0,0,5,0,1
4617.0,366.0,0,5,0,1
4618.0,366.0,0,5,0,1
4619.0,366.0,0,5,0,1
4620.0,366.0,0,5,0,1
4621.0,366.0,0,5,0,1
4622.0,366.0,0,5,0,1
4623.0,366.0,0,5,0,1
4624.0,366.0,0,5,0,1
4625.0,366.0,0,5,0,1
4626.0,366.0,0,5,0,1
4627.0,366.0,0,5,0,1
4629.0,366.0,0,5,0,1
4630.0,366.0,0,5,0,1
4631.0,366.0,0,5,0,1
4632.0,366.0,0,5,0,1
4634.0,366.0,0,5,0,1
4635.0,366.0,0,5,0,1
4636.0,366.0,0,5,0,1
4637.0,366.0,0,5,0,1
4638.0,366.0,0,5,0,1
4639.0,366.0,0,5,0,1
4641.0,366.0,0,5,0,1
4642.0,366.0,0,5,0,1
4643.0,366.0,0,5,0,1
4644.0,366.0,0,5,0,1
4645.0,366.0,0,5,0,1
4646.0,366.0,0,5,0,1
4647.0,366.0,0,5,0,1
4648.0,366.0,0,5,0,1
4649.0,366.0,0,5,0,1
4650.0,366.0,0,5,0,1
4651.0,366.0,0,5,0,1
4652.0,366.0,0,5,0,1
4653.0,366.0,0,5,0,1
4654.0,366.0,0,5,0,1
4655.0,366.0,0,5,0,1
4656.0,366.0,0,5,0,1
4657.0,366.0,0,5,0,1
4658.0,366.0,0,5,0,1
4659.0,366.0,0,5,0,1
4660.0,366.0,0,5,0,1
4661.0,366.0,0,5,0,1
4663.0,366.0,0,5,0,1
4664.0,366.0,0,5,0,1
4665.0,366.0,0,5,0,1
4666.0,366.0,0,5,0,1
4667.0,366.0,0,5,0,1
4668.0,366.0,0,5,0,1
4669.0,366.0,0,5,0,1
4670.0,366.0,0,5,0,1
4671.0,366.0,0,5,0,1
4672.0,367.0,0,5,0,1
4673.0,367.0,0,5,0,1
4674.0,367.0,0,5,0,1
4675.0,367.0,0,5,0,1
4676.0,367.0,0,5,0,1
4677.0,367.0,0,5,0,1
4678.0,367.0,0,5,0,1
4680.0,367.0,0,5,0,1
4681.0,367.0,0,5,0,1
4683.0,367.0,0,5,0,1
4683.0,368.0,0,5,0,1
4685.0,368.0,0,5,0,1
4686.0,368.0,0,5,0,1
4688.0,368.0,0,5,0,1
4689.0,368.0,0,5,0,1
4690.0,368.0,0,5,0,1
4691.0,368.0,0,5,0,1
4692.0,368.0,0,5,0,1
4693.0,368.0,0,5,0,1
4694.0,368.0,0,5,0,1
4695.0,368.0,0,5,0,1
4696.0,368.0,0,5,0,1
4697.0,368.0,0,5,0,1
4698.0,368.0,0,5,0,1
4699.0,368.0,0,5,0,1
4700.0,368.0,0,5,0,1
4701.0,368.0,0,5,0,1
4702.0,368.0,0,5,0,1
4703.0,368.0,0,5,0,1
4704.0,368.0,0,5,0,1
4706.0,369.0,0,5,0,1
4707.0,369.0,0,5,0,1
4708.0,370.0,0,5,0,1
4709.0,370.0,0,5,0,1
4710.0,370.0,0,5,0,1
4712.0,370.0,0,5,0,1
4713.0,370.0,0,5,0,1
4713.0,371.0,0,5,0,1
4714.0,371.0,0,5,0,1
4715.0,371.0,0,5,0,1
4716.0,371.0,0,5,0,1
4717.0,371.0,0,5,0,1
4718.0,371.0,0,5,0,1
4716.0,371.0,0,5,0,1
4715.0,371.0,0,5,0,1
4714.0,371.0,0,5,0,1
4713.0,371.0,0,5,0,1
4712.0,371.0,0,5,0,1
4711.0,371.0,0,5,0,1
4710.0,371.0,0,5,0,1
4710.0,391.0,0,5,0,1
4710.0,411.0,0,5,0,1
4710.0,431.0,0,5,0,1
4710.0,451.0,0,5,0,1
4710.0,471.0,0,5,0,1
4710.0,491.0,0,5,0,1
4710.0,511.0,0,5,0,1
4710.0,531.0,0,5,0,1
4710.0,551.0,0,5,0,1
4710.0,571.0,0,5,0,1
4710.0,591.0,0,5,0,1
4710.0,611.0,0,5,0,1
4710.0,631.0,0,5,0,1
4710.0,651.0,0,5,0,1
4710.0,671.0,0,5,0,1
4710.0,691.0,0,5,0,1
4710.0,711.0,0,5,0,1
4710.0,731.0,0,5,0,1
4710.0,751.0,0,5,0,1
4710.0,771.0,0,5,0,1
4710.0,791.0,0,5,0,1
4710.0,811.0,0,5,0,1
4710.0,831.0,0,5,0,1
4710.0,851.0,0,5,0,1
4710.0,871.0,0,5,0,1
4710.0,891.0,0,5,0,1
4710.0,911.0,0,5,0,1
4710.0,931.0,0,5,0,1
4710.0,951.0,0,5,0,1
4710.0,971.0,0,5,0,1
4710.0,991.0,0,5,0,1
4710.0,1011.0,0,5,0,1
4710.0,1031.0,0,5,0,1
4710.0,1051.0,0,5,0,1
4710.0,1071.0,0,5,0,1
4710.0,1091.0,0,5,0,1
4710.0,1111.0,0,5,0,1
4710.0,1131.0,0,5,0,1
4710.0,1151.0,0,5,0,1
4710.0,1171.0,0,5,0,1
4710.0,1191.0,0,5,0,1
4710.0,1171.0,0,5,0,1
4710.0,1151.0,0,5,0,1
4710.0,1131.0,0,5,0,1
4710.0,1111.0,0,5,0,1
4710.0,1091.0,0,5,0,1
4710.0,1071.0,0,5,0,1
4710.0,1051.0,0,5,0,1
4710.0,1031.0,0,5,0,1
4710.0,1011.0,0,5,0,1
4710.0,991.0,0,5,0,1
4710.0,971.0,0,5,0,1
4710.0,951.0,0,5,0,1
4710.0,931.0,0,5,0,1
4710.0,911.0,0,5,0,1
4710.0,891.0,0,5,0,1
4710.0,871.0,0,5,0,1
4710.0,851.0,0,5,0,1
4710.0,831.0,0,5,0,1
4710.0,811.0,0,5,0,1
4710.0,791.0,0,5,0,1
4710.0,771.0,0,5,0,1
4710.0,751.0,0,5,0,1
4710.0,731.0,0,5,0,1
4710.0,711.0,0,5,0,1
4710.0,691.0,0,5,0,1
4710.0,671.0,0,5,0,1
4710.0,651.0,0,5,0,1
4710.0,631.0,0,5,0,1
4710.0,611.0,0,5,0,1
4710.0,591.0,0,5,0,1
4710.0,571.0,0,5,0,1
4710.0,551.0,0,5,0,1
4710.0,531.0,0,5,0,1
4710.0,511.0,0,5,0,1
4710.0,491.0,0,5,0,1
4710.0,471.0,0,5,0,1
4710.0,451.0,0,5,0,1
4710.0,431.0,0,5,0,1
4710.0,411.0,0,5,0,1
4710.0,391.0,0,5,0,1
4710.0,371.0,0,5,0,1
4710.0,391.0,0,6,0,1
4710.0,411.0,0,6,0,1
4710.0,431.0,0,6,0,1
4710.0,451.0,0,6,0,1
4710.0,471.0,0,6,0,1
4710.0,491.0,0,6,0,1
4710.0,471.0,0,6,0,1
4710.0,451.0,0,6,0,1
4710.0,431.0,0,6,0,1
4710.0,411.0,0,6,0,1
4710.0,391.0,0,6,0,1
4710.0,371.0,0,6,0,1
4710.0,351.0,0,6,0,1
4710.0,331.0,0,6,0,1
4710.0,351.0,0,6,0,1
4710.0,371.0,0,6,0,1
4710.0,391.0,0,6,0,1
4710.0,411.0,0,6,0,1
4710.0,431.0,0,6,0,1
4710.0,451.0,0,6,0,1
4710.0,471.0,0,6,0,1
4710.0,491.0,0,6,0,1
4710.0,511.0,0,6,0,1
4710.0,531.0,0,6,0,1
4710.0,551.0,0,6,0,1
4710.0,571.0,0,6,0,1
4710.0,591.0,0,6,0,1
4710.0,611.0,0,6,0,1
4710.0,631.0,0,6,0,1
4710.0,651.0,0,6,0,1
4710.0,671.0,0,6,0,1
4710.0,691.0,0,6,0,1
4710.0,711.0,0,6,0,1
4710.0,731.0,0,6,0,1
4710.0,751.0,0,6,0,1
4710.0,771.0,0,6,0,1
4710.0,791.0,0,6,0,1
4710.0,811.0,0,6,0,1
4710.0,831.0,0,6,0,1
4710.0,851.0,0,6,0,1
4710.0,871.0,0,6,0,1
4710.0,891.0,0,6,0,1
4710.0,911.0,0,6,0,1
4710.0,931.0,0,6,0,1
4710.0,951.0,0,6,0,1
4710.0,971.0,0,6,0,1
4710.0,991.0,0,6,0,1
4710.0,1011.0,0,6,0,1
4710.0,1031.0,0,6,0,1
4710.0,1051.0,0,6,0,1
4710.0,1071.0,0,6,0,1
4710.0,1091.0,0,6,0,1
4710.0,1111.0,0,6,0,1
4710.0,1131.0,0,6,0,1
4710.0,1151.0,0,6,0,1
4710.0,1171.0,0,6,0,1
4710.0,1191.0,0,6,0,1
4710.0,1211.0,0,6,0,1
4710.0,1231.0,0,6,0,1
4710.0,1251.0,0,6,0,1
4710.0,1271.0,0,6,0,1
4710.0,1291.0,0,6,0,1
4710.0,1311.0,0,6,0,1
4710.0,1331.0,0,6,0,1
4710.0,1351.0,0,6,0,1
4710.0,1371.0,0,6,0,1
4710.0,1391.0,0,6,0,1
4710.0,1411.0,0,6,0,1
4710.0,1431.0,0,6,0,1
4710.0,1451.0,0,6,0,1
4710.0,1471.0,0,6,0,1
4710.0,1491.0,0,6,0,1
4710.0,1511.0,0,6,0,1
4710.0,1531.0,0,6,0,1
4710.0,1551.0,0,6,0,1
4710.0,1571.0,0,6,0,1
4710.0,1591.0,0,6,0,1
4710.0,1611.0,0,6,0,1
4710.0,1631.0,0,6,0,1
4710.0,1651.0,0,6,0,1
4710.0,1671.0,0,6,0,1
4710.0,1691.0,0,6,0,1
4710.0,1711.0,0,6,0,1
4710.0,1731.0,0,6,0,1
4710.0,1751.0,0,6,0,1
4710.0,1731.0,0,6,0,1
4710.0,1711.0,0,6,0,1
4710.0,1691.0,0,6,0,1
4710.0,1671.0,0,6,0,1
4710.0,1651.0,0,6,0,1
4710.0,1631.0,0,6,0,1
4710.0,1611.0,0,6,0,1
4710.0,1591.0,0,6,0,1
4710.0,1571.0,0,6,0,1
4710.0,1551.0,0,6,0,1
4710.0,1531.0,0,6,0,1
4710.0,1511.0,0,6,0,1
4710.0,1491.0,0,6,0,1
4710.0,1471.0,0,6,0,1
4710.0,1451.0,0,6,0,1
4710.0,1431.0,0,6,0,1
4710.0,1411.0,0,6,0,1
4710.0,1391.0,0,6,0,1
4710.0,1371.0,0,6,0,1
4710.0,1351.0,0,6,0,1
4710.0,1331.0,0,6,0,1
4710.0,1311.0,0,6,0,1
4710.0,1291.0,0,6,0,1
4710.0,1271.0,0,6,0,1
4710.0,1251.0,0,6,0,1
4710.0,1231.0,0,6,0,1
4710.0,1211.0,0,6,0,1
4710.0,1191.0,0,6,0,1
4710.0,1171.0,0,6,0,1
4710.0,1151.0,0,6,0,1
4710.0,1131.0,0,6,0,1
4710.0,1111.0,0,6,0,1
4710.0,1091.0,0,6,0,1
4710.0,1071.0,0,6,0,1
4710.0,1051.0,0,6,0,1
4710.0,1031.0,0,6,0,1
4710.0,1011.0,0,6,0,1
4710.0,991.0,0,6,0,1
4710.0,971.0,0,6,0,1
4710.0,951.0,0,6,0,1
4710.0,931.0,0,6,0,1
4710.0,911.0,0,6,0,1
4710.0,891.0,0,6,0,1
4710.0,871.0,0,6,0,1
4710.0,851.0,0,6,0,1
4710.0,831.0,0,6,0,1
4710.0,811.0,0,6,0,1
4710.0,791.0,0,6,0,1
4710.0,771.0,0,6,0,1
4710.0,751.0,0,6,0,1
4710.0,731.0,0,6,0,1
4710.0,711.0,0,6,0,1
4710.0,691.0,0,6,0,1
4710.0,671.0,0,6,0,1
4710.0,651.0,0,6,0,1
4710.0,631.0,0,6,0,1
4710.0,611.0,0,6,0,1
4710.0,591.0,0,6,0,1
4710.0,571.0,0,6,0,1
4710.0,551.0,0,6,0,1
4710.0,531.0,0,6,0,1
4710.0,511.0,0,6,0,1
4710.0,491.0,0,6,0,1
4710.0,471.0,0,6,0,1
4710.0,451.0,0,6,0,1
4710.0,431.0,0,6,0,1
235,16,236,17,2
4709.0,332.0,0,6,2,1
4710.0,331.0,0,6,2,1
4710.0,330.0,0,6,2,1
4710.0,329.0,0,6,2,1
4710.0,328.0,0,6,2,1
4711.0,328.0,0,6,2,1
4709.0,381.0,0,6,0,1
4709.0,382.0,0,6,0,1
4709.0,383.0,0,6,0,1
4709.0,384.0,0,6,0,1
4709.0,383.0,0,6,0,1
4708.0,382.0,0,6,0,1
4708.0,381.0,0,6,0,1
4708.0,380.0,0,6,0,1
4708.0,379.0,0,6,0,1
4708.0,378.0,0,6,0,1
4708.0,377.0,0,6,0,1
4708.0,376.0,0,6,0,1
4708.0,375.0,0,6,0,1
4708.0,374.0,0,6,0,1
4708.0,373.0,0,6,0,1
4708.0,372.0,0,6,0,1
4708.0,371.0,0,6,0,1
4708.0,370.0,0,6,0,1
230,15,231,16,0
230,14,231,15,0
4710.0,1864.0,0,3,2,1
4710.0,1865.0,0,3,2,1
4710.0,1866.0,0,3,2,1
4711.0,1867.0,0,3,0,1
4711.0,1868.0,0,3,0,1
4711.0,1869.0,0,3,0,1
4711.0,1870.0,0,3,0,1
4711.0,1869.0,0,3,0,1
4711.0,1870.0,0,3,0,1
4711.0,1871.0,0,3,0,1
4711.0,1872.0,0,3,0,1
4711.0,1873.0,0,3,0,1
4711.0,1874.0,0,3,0,1
4712.0,1875.0,0,3,0,1
4712.0,1876.0,0,3,0,1
4712.0,1877.0,0,3,0,1
4712.0,1878.0,0,3,0,1
4712.0,1879.0,0,3,0,1
4712.0,1880.0,0,3,0,1
4712.0,1881.0,0,3,0,1
4712.0,1882.0,0,3,0,1
4713.0,1882.0,0,3,0,1
4713.0,1883.0,0,3,0,1
4713.0,1884.0,0,3,0,1
4713.0,1885.0,0,3,0,1
4713.0,1886.0,0,3,0,1
4714.0,1886.0,0,3,0,1
4714.0,1887.0,0,3,0,1
4714.0,1888.0,0,3,0,1
4714.0,1889.0,0,3,0,1
4714.0,1890.0,0,3,0,1
4714.0,1891.0,0,3,0,1
4714.0,1892.0,0,3,0,1
4714.0,1893.0,0,3,0,1
4714.0,1894.0,0,3,0,1
4714.0,1895.0,0,3,0,1
4714.0,1896.0,0,3,0,1
4714.0,1897.0,0,3,0,1
4714.0,1898.0,0,3,0,1
4714.0,1899.0,0,3,0,1
4714.0,1900.0,0,3,0,1
4714.0,1901.0,0,3,0,1
4714.0,1902.0,0,3,0,1
4714.0,1903.0,0,3,0,1
4714.0,1904.0,0,3,0,1
4714.0,1905.0,0,3,0,1
4714.0,1906.0,0,3,0,1
4714.0,1907.0,0,3,0,1
4714.0,1908.0,0,3,0,1
4714.0,1909.0,0,3,0,1
4714.0,1910.0,0,3,0,1
4714.0,1911.0,0,3,0,1
4714.0,1912.0,0,3,0,1
4714.0,1913.0,0,3,0,1
4713.0,1913.0,0,3,0,1
4713.0,1914.0,0,3,0,1
4713.0,1915.0,0,3,0,1
4713.0,1916.0,0,3,0,1
4713.0,1917.0,0,3,0,1
4713.0,1918.0,0,3,0,1
4712.0,1919.0,0,3,0,1
4712.0,1920.0,0,3,0,1
4712.0,1921.0,0,3,0,1
4712.0,1922.0,0,3,0,1
4712.0,1923.0,0,3,0,1
231,91,232,92,2
232,91,233,92,2
238,91,239,92,2
239,91,240,92,2
233,91,234,92,0
237,91,238,92,0
4710.0,2029.0,0,9,2,1
4710.0,2030.0,0,9,2,1
4710.0,2031.0,0,9,2,1
4710.0,2032.0,0,9,2,1
4710.0,2033.0,0,9,2,1
4710.0,2034.0,0,9,2,1
4710.0,2033.0,0,9,0,1
4710.0,2032.0,0,9,0,1
4710.0,2031.0,0,9,0,1
4710.0,2030.0,0,9,0,1
4710.0,2029.0,0,9,0,1
217,101,218,102,0
4343.0,2025.0,0,9,0,1
4349.0,2387.0,0,9,0,1
217,119,218,120,0
213,124,214,125,0
217,110,218,111,0
218,110,219,111,0
219,109,220,110,0
216,110,217,111,0
226,101,227,102,0
226,100,227,101,0
226,102,227,103,0
225,103,226,104,0
225,104,226,105,0
225,98,226,99,0
220,109,221,110,0
214,109,215,110,0
3985.0,2395.0,0,9,0,1
207,117,208,118,0
207,116,208,117,0
208,119,209,120,0
208,118,209,119,0
208,120,209,121,0
201,111,202,112,0
202,111,203,112,0
196,111,197,112,0
202,111,203,112,2
202,111,203,112,1
207,122,208,123,0
202,111,203,112,0
195,111,196,112,0
194,113,195,114,0
194,112,195,113,0
193,113,194,114,0
192,114,193,115,0
191,115,192,116,0
195,111,196,112,1
194,112,195,113,1
193,114,194,115,1
193,113,194,114,1
193,114,194,115,0
192,114,193,115,1
191,115,192,116,1
191,123,192,124,1
192,124,193,125,1
193,125,194,126,1
194,126,195,127,1
195,127,196,128,1
200,120,0,0,5
274,390,4660,380,4
274,390,3480,2440,4
274,390,3480,2440,4
4350.0,2032.0,0,9,1,1
4350.0,2031.0,0,9,1,1
4350.0,2030.0,0,9,1,1
4350.0,2029.0,0,9,1,1
4349.0,2034.0,0,8,0,1
213,96,214,97,0
213,93,214,94,1
209,97,210,98,1
210,98,211,99,0
224,98,225,99,0
225,100,226,101,0
225,99,226,100,0
225,101,226,102,0
225,102,226,103,0
4509.0,2069.0,0,8,0,1
4500.0,2057.0,0,8,1,1
4501.0,2057.0,0,8,1,1
4501.0,2058.0,0,8,1,1
4501.0,2059.0,0,8,1,1
4501.0,2060.0,0,8,1,1
4502.0,2060.0,0,8,1,1
4502.0,2061.0,0,8,1,1
4502.0,2062.0,0,8,1,1
4503.0,2063.0,0,8,1,1
4503.0,2064.0,0,8,1,1
4504.0,2065.0,0,8,1,1
4505.0,2066.0,0,8,1,1
4505.0,2067.0,0,8,1,1
4506.0,2067.0,0,8,1,1
4507.0,2067.0,0,8,1,1
4508.0,2067.0,0,8,1,1
4508.0,2068.0,0,8,1,1
4509.0,2068.0,0,8,1,1
4510.0,2068.0,0,8,1,1
235,101,236,102,0
4707.0,2029.0,0,9,0,1
4706.0,2029.0,0,9,0,1
4706.0,2030.0,0,9,0,1
4353.0,2030.0,0,8,0,1
4354.0,2030.0,0,8,0,1
4355.0,2030.0,0,8,0,1
4356.0,2030.0,0,8,0,1
225,101,226,102,0
226,101,227,102,0
4512.0,2044.0,0,8,0,1
4525.0,2020.0,0,8,1,1
4525.0,2021.0,0,8,1,1
4524.0,2021.0,0,8,1,1
4524.0,2022.0,0,8,1,1
4523.0,2023.0,0,8,1,1
4523.0,2024.0,0,8,1,1
4523.0,2025.0,0,8,1,1
4522.0,2026.0,0,8,1,1
4522.0,2027.0,0,8,1,1
4522.0,2028.0,0,8,1,1
4522.0,2029.0,0,8,1,1
4521.0,2030.0,0,8,1,1
4521.0,2031.0,0,8,1,1
4521.0,2032.0,0,8,1,1
4521.0,2033.0,0,8,1,1
4520.0,2033.0,0,8,1,1
4520.0,2034.0,0,8,1,1
4520.0,2035.0,0,8,1,1
4519.0,2035.0,0,8,1,1
4519.0,2036.0,0,8,1,1
4519.0,2037.0,0,8,1,1
4519.0,2038.0,0,8,1,1
4519.0,2039.0,0,8,1,1
4519.0,2040.0,0,8,1,1
4519.0,2041.0,0,8,1,1
4519.0,2042.0,0,8,1,1
4519.0,2043.0,0,8,1,1
4520.0,2043.0,0,8,1,1
4520.0,2044.0,0,8,1,1
4520.0,2046.0,0,8,1,1
4520.0,2047.0,0,8,1,1
4521.0,2047.0,0,8,1,1
4521.0,2048.0,0,8,1,1
4521.0,2049.0,0,8,1,1
4521.0,2050.0,0,8,1,1
4521.0,2051.0,0,8,1,1
4521.0,2052.0,0,8,1,1
4521.0,2053.0,0,8,1,1
4521.0,2054.0,0,8,1,1
4521.0,2055.0,0,8,1,1
4521.0,2056.0,0,8,1,1
4522.0,2056.0,0,8,1,1
4522.0,2055.0,0,8,1,1
4521.0,2055.0,0,8,1,1
4520.0,2054.0,0,8,1,1
4519.0,2052.0,0,8,1,1
4519.0,2051.0,0,8,1,1
4519.0,2050.0,0,8,1,1
4518.0,2049.0,0,8,1,1
4518.0,2048.0,0,8,1,1
4518.0,2047.0,0,8,1,1
4518.0,2046.0,0,8,1,1
4518.0,2045.0,0,8,1,1
4518.0,2044.0,0,8,1,1
4518.0,2043.0,0,8,1,1
235,101,236,102,0
4714.0,2030.0,0,9,0,1
4713.0,2030.0,0,9,0,1
4358.0,2029.0,0,8,0,1
4357.0,2394.0,0,9,1,1
4356.0,2394.0,0,9,1,1
4355.0,2394.0,0,9,1,1
4354.0,2393.0,0,9,1,1
4353.0,2393.0,0,9,1,1
4352.0,2392.0,0,9,1,1
4351.0,2392.0,0,9,1,1
4350.0,2392.0,0,9,1,1
4350.0,2391.0,0,9,1,1
4349.0,2391.0,0,9,1,1
4348.0,2391.0,0,9,1,1
4348.0,2390.0,0,9,1,1
4347.0,2390.0,0,9,1,1
4347.0,2389.0,0,9,1,1
4346.0,2389.0,0,9,1,1
4346.0,2388.0,0,9,1,1
4347.0,2388.0,0,9,1,1
4348.0,2388.0,0,9,1,1
4348.0,2387.0,0,9,1,1
4348.0,2386.0,0,9,1,1
4349.0,2385.0,0,9,1,1
4349.0,2384.0,0,9,1,1
4350.0,2384.0,0,9,1,1
4350.0,2383.0,0,9,1,1
4350.0,2382.0,0,9,1,1
4350.0,2380.0,0,9,1,1
4350.0,2379.0,0,9,1,1
4350.0,2378.0,0,9,1,1
4349.0,2378.0,0,9,1,1
4347.0,2378.0,0,9,1,1
4343.0,2380.0,0,9,1,1
4339.0,2382.0,0,9,1,1
4333.0,2385.0,0,9,1,1
4326.0,2387.0,0,9,1,1
4316.0,2389.0,0,9,1,1
4307.0,2392.0,0,9,1,1
4297.0,2395.0,0,9,1,1
4289.0,2397.0,0,9,1,1
4280.0,2399.0,0,9,1,1
4272.0,2401.0,0,9,1,1
4263.0,2403.0,0,9,1,1
4256.0,2404.0,0,9,1,1
4249.0,2405.0,0,9,1,1
4240.0,2406.0,0,9,1,1
4233.0,2408.0,0,9,1,1
4225.0,2411.0,0,9,1,1
4218.0,2411.0,0,9,1,1
4211.0,2412.0,0,9,1,1
4203.0,2413.0,0,9,1,1
4196.0,2414.0,0,9,1,1
4189.0,2414.0,0,9,1,1
4182.0,2414.0,0,9,1,1
4176.0,2415.0,0,9,1,1
4171.0,2416.0,0,9,1,1
4166.0,2416.0,0,9,1,1
4162.0,2417.0,0,9,1,1
4157.0,2418.0,0,9,1,1
4154.0,2419.0,0,9,1,1
4151.0,2419.0,0,9,1,1
4149.0,2420.0,0,9,1,1
4146.0,2420.0,0,9,1,1
4143.0,2420.0,0,9,1,1
4140.0,2420.0,0,9,1,1
4136.0,2420.0,0,9,1,1
4130.0,2420.0,0,9,1,1
4125.0,2420.0,0,9,1,1
4116.0,2420.0,0,9,1,1
4111.0,2420.0,0,9,1,1
4103.0,2420.0,0,9,1,1
4096.0,2420.0,0,9,1,1
4089.0,2421.0,0,9,1,1
4083.0,2421.0,0,9,1,1
4076.0,2421.0,0,9,1,1
4071.0,2421.0,0,9,1,1
4065.0,2421.0,0,9,1,1
4060.0,2421.0,0,9,1,1
4055.0,2421.0,0,9,1,1
4052.0,2421.0,0,9,1,1
4048.0,2421.0,0,9,1,1
4045.0,2421.0,0,9,1,1
4042.0,2421.0,0,9,1,1
4039.0,2421.0,0,9,1,1
4034.0,2421.0,0,9,1,1
4031.0,2420.0,0,9,1,1
4027.0,2420.0,0,9,1,1
4023.0,2419.0,0,9,1,1
4017.0,2418.0,0,9,1,1
4012.0,2417.0,0,9,1,1
4008.0,2415.0,0,9,1,1
4003.0,2414.0,0,9,1,1
4000.0,2414.0,0,9,1,1
3996.0,2412.0,0,9,1,1
3991.0,2410.0,0,9,1,1
3986.0,2408.0,0,9,1,1
3983.0,2404.0,0,9,1,1
3979.0,2403.0,0,9,1,1
3977.0,2401.0,0,9,1,1
3975.0,2400.0,0,9,1,1
3973.0,2398.0,0,9,1,1
3972.0,2396.0,0,9,1,1
3970.0,2394.0,0,9,1,1
3969.0,2389.0,0,9,1,1
3969.0,2387.0,0,9,1,1
3969.0,2385.0,0,9,1,1
3969.0,2382.0,0,9,1,1
3969.0,2380.0,0,9,1,1
3969.0,2377.0,0,9,1,1
3969.0,2376.0,0,9,1,1
3970.0,2374.0,0,9,1,1
3971.0,2371.0,0,9,1,1
3972.0,2370.0,0,9,1,1
3973.0,2369.0,0,9,1,1
3973.0,2366.0,0,9,1,1
3975.0,2365.0,0,9,1,1
3975.0,2364.0,0,9,1,1
3975.0,2363.0,0,9,1,1
3976.0,2363.0,0,9,1,1
3977.0,2363.0,0,9,1,1
3978.0,2363.0,0,9,1,1
3979.0,2363.0,0,9,1,1
3980.0,2363.0,0,9,1,1
3982.0,2364.0,0,9,1,1
3984.0,2366.0,0,9,1,1
3985.0,2366.0,0,9,1,1
3987.0,2367.0,0,9,1,1
3988.0,2368.0,0,9,1,1
3989.0,2369.0,0,9,1,1
3991.0,2370.0,0,9,1,1
3992.0,2370.0,0,9,1,1
3994.0,2371.0,0,9,1,1
3994.0,2372.0,0,9,1,1
3995.0,2372.0,0,9,1,1
3997.0,2373.0,0,9,1,1
3997.0,2374.0,0,9,1,1
3999.0,2375.0,0,9,1,1
4000.0,2376.0,0,9,1,1
4002.0,2377.0,0,9,1,1
4003.0,2378.0,0,9,1,1
4004.0,2379.0,0,9,1,1
4005.0,2379.0,0,9,1,1
4006.0,2380.0,0,9,1,1
4007.0,2381.0,0,9,1,1
4008.0,2381.0,0,9,1,1
4008.0,2382.0,0,9,1,1
4009.0,2382.0,0,9,1,1
4352.0,2342.0,0,7,0,1
4076.0,2360.0,0,6,0,1
4077.0,2360.0,0,6,0,1
4078.0,2360.0,0,6,0,1
4079.0,2360.0,0,6,0,1
4080.0,2360.0,0,6,0,1
4079.0,2354.0,0,6,1,1
4079.0,2355.0,0,6,1,1
4079.0,2356.0,0,6,1,1
4079.0,2357.0,0,6,1,1
4079.0,2358.0,0,6,1,1
4078.0,2359.0,0,6,1,1
4078.0,2360.0,0,6,1,1
4077.0,2360.0,0,6,1,1
4077.0,2361.0,0,6,1,1
4077.0,2362.0,0,6,1,1
4077.0,2363.0,0,6,1,1
4075.0,2363.0,0,6,1,1
4073.0,2363.0,0,6,1,1
4071.0,2362.0,0,6,1,1
4070.0,2361.0,0,6,1,1
4068.0,2360.0,0,6,1,1
4066.0,2360.0,0,6,1,1
4065.0,2359.0,0,6,1,1
4064.0,2358.0,0,6,1,1
4063.0,2358.0,0,6,1,1
4063.0,2357.0,0,6,1,1
4062.0,2357.0,0,6,1,1
4063.0,2357.0,0,6,1,1
4064.0,2357.0,0,6,1,1
4065.0,2357.0,0,6,1,1
4067.0,2357.0,0,6,1,1
4068.0,2357.0,0,6,1,1
4070.0,2357.0,0,6,1,1
4072.0,2357.0,0,6,1,1
4073.0,2357.0,0,6,1,1
4074.0,2357.0,0,6,1,1
4075.0,2357.0,0,6,1,1
4076.0,2357.0,0,6,1,1
4076.0,2358.0,0,6,1,1
4077.0,2358.0,0,6,1,1
4078.0,2358.0,0,6,1,1
4079.0,2358.0,0,6,1,1
4080.0,2358.0,0,6,1,1
4081.0,2358.0,0,6,1,1
4082.0,2358.0,0,6,1,1
4083.0,2358.0,0,6,1,1
4084.0,2358.0,0,6,1,1
4085.0,2358.0,0,6,1,1
4086.0,2358.0,0,6,1,1
4087.0,2358.0,0,6,1,1
4093.0,2351.0,0,6,0,1
4092.0,2351.0,0,6,0,1
4089.0,2132.0,0,5,0,1
3912.0,2128.0,0,4,0,1
3772.0,2131.0,0,3,0,1
3772.0,2132.0,0,3,0,1
3668.0,2128.0,0,2,0,1
3669.0,2128.0,0,2,0,1
3669.0,2129.0,0,2,0,1
3909.0,2268.0,0,3,0,1
3809.0,2271.0,0,2,0,1
3810.0,2271.0,0,2,0,1
3767.0,2103.0,0,2,1,1
3768.0,2103.0,0,2,1,1
3769.0,2103.0,0,2,1,1
3770.0,2103.0,0,2,1,1
3771.0,2103.0,0,2,1,1
3772.0,2103.0,0,2,1,1
3773.0,2104.0,0,2,1,1
3774.0,2104.0,0,2,1,1
3775.0,2104.0,0,2,1,1
3775.0,2105.0,0,2,1,1
3777.0,2105.0,0,2,1,1
3778.0,2106.0,0,2,1,1
3778.0,2107.0,0,2,1,1
3780.0,2107.0,0,2,1,1
3781.0,2108.0,0,2,1,1
3782.0,2108.0,0,2,1,1
3783.0,2109.0,0,2,1,1
3783.0,2110.0,0,2,1,1
3785.0,2112.0,0,2,1,1
3786.0,2113.0,0,2,1,1
3786.0,2115.0,0,2,1,1
3787.0,2118.0,0,2,1,1
3788.0,2119.0,0,2,1,1
3789.0,2121.0,0,2,1,1
3790.0,2124.0,0,2,1,1
3791.0,2125.0,0,2,1,1
3791.0,2126.0,0,2,1,1
3792.0,2129.0,0,2,1,1
3792.0,2130.0,0,2,1,1
3793.0,2131.0,0,2,1,1
3794.0,2133.0,0,2,1,1
3795.0,2136.0,0,2,1,1
3795.0,2137.0,0,2,1,1
3795.0,2138.0,0,2,1,1
3795.0,2139.0,0,2,1,1
3796.0,2140.0,0,2,1,1
3796.0,2141.0,0,2,1,1
3797.0,2141.0,0,2,1,1
3797.0,2142.0,0,2,1,1
3797.0,2143.0,0,2,1,1
3797.0,2144.0,0,2,1,1
3797.0,2145.0,0,2,1,1
3797.0,2147.0,0,2,1,1
3798.0,2148.0,0,2,1,1
3798.0,2149.0,0,2,1,1
3798.0,2150.0,0,2,1,1
3798.0,2151.0,0,2,1,1
3798.0,2152.0,0,2,1,1
3798.0,2153.0,0,2,1,1
3798.0,2154.0,0,2,1,1
3798.0,2156.0,0,2,1,1
3798.0,2157.0,0,2,1,1
3798.0,2158.0,0,2,1,1
3798.0,2159.0,0,2,1,1
3797.0,2160.0,0,2,1,1
3797.0,2161.0,0,2,1,1
3796.0,2162.0,0,2,1,1
3796.0,2163.0,0,2,1,1
3795.0,2164.0,0,2,1,1
3794.0,2164.0,0,2,1,1
3793.0,2164.0,0,2,1,1
3792.0,2164.0,0,2,1,1
3790.0,2164.0,0,2,1,1
3788.0,2164.0,0,2,1,1
3786.0,2164.0,0,2,1,1
3784.0,2164.0,0,2,1,1
3782.0,2164.0,0,2,1,1
3780.0,2164.0,0,2,1,1
3777.0,2164.0,0,2,1,1
3775.0,2163.0,0,2,1,1
3773.0,2162.0,0,2,1,1
3770.0,2161.0,0,2,1,1
3767.0,2160.0,0,2,1,1
3764.0,2158.0,0,2,1,1
3762.0,2156.0,0,2,1,1
3760.0,2154.0,0,2,1,1
3757.0,2153.0,0,2,1,1
3755.0,2151.0,0,2,1,1
3753.0,2149.0,0,2,1,1
3751.0,2148.0,0,2,1,1
3749.0,2145.0,0,2,1,1
3747.0,2144.0,0,2,1,1
3746.0,2141.0,0,2,1,1
3744.0,2139.0,0,2,1,1
3743.0,2138.0,0,2,1,1
3742.0,2135.0,0,2,1,1
3741.0,2134.0,0,2,1,1
3740.0,2133.0,0,2,1,1
3738.0,2131.0,0,2,1,1
3738.0,2130.0,0,2,1,1
3737.0,2128.0,0,2,1,1
3736.0,2128.0,0,2,1,1
3736.0,2126.0,0,2,1,1
3735.0,2126.0,0,2,1,1
3735.0,2125.0,0,2,1,1
3734.0,2125.0,0,2,1,1
3734.0,2124.0,0,2,1,1
3734.0,2123.0,0,2,1,1
3732.0,2123.0,0,2,1,1
3732.0,2122.0,0,2,1,1
3731.0,2122.0,0,2,1,1
3730.0,2122.0,0,2,1,1
3729.0,2122.0,0,2,1,1
3728.0,2122.0,0,2,1,1
3727.0,2122.0,0,2,1,1
3726.0,2122.0,0,2,1,1
3725.0,2122.0,0,2,1,1
3724.0,2122.0,0,2,1,1
3723.0,2122.0,0,2,1,1
3721.0,2122.0,0,2,1,1
3720.0,2122.0,0,2,1,1
3719.0,2122.0,0,2,1,1
3717.0,2122.0,0,2,1,1
3716.0,2122.0,0,2,1,1
3715.0,2122.0,0,2,1,1
3712.0,2122.0,0,2,1,1
3711.0,2122.0,0,2,1,1
3709.0,2122.0,0,2,1,1
3708.0,2122.0,0,2,1,1
3705.0,2122.0,0,2,1,1
3703.0,2122.0,0,2,1,1
3700.0,2122.0,0,2,1,1
3698.0,2122.0,0,2,1,1
3697.0,2122.0,0,2,1,1
3696.0,2123.0,0,2,1,1
3694.0,2123.0,0,2,1,1
3692.0,2124.0,0,2,1,1
3691.0,2125.0,0,2,1,1
3690.0,2125.0,0,2,1,1
3689.0,2126.0,0,2,1,1
3687.0,2128.0,0,2,1,1
3685.0,2129.0,0,2,1,1
3684.0,2131.0,0,2,1,1
3682.0,2133.0,0,2,1,1
3681.0,2135.0,0,2,1,1
3678.0,2138.0,0,2,1,1
3677.0,2140.0,0,2,1,1
3677.0,2141.0,0,2,1,1
3677.0,2143.0,0,2,1,1
3676.0,2144.0,0,2,1,1
3676.0,2145.0,0,2,1,1
3676.0,2146.0,0,2,1,1
3676.0,2147.0,0,2,1,1
3676.0,2148.0,0,2,1,1
3676.0,2147.0,0,2,1,1
3676.0,2145.0,0,2,1,1
3675.0,2143.0,0,2,1,1
3673.0,2141.0,0,2,1,1
3672.0,2138.0,0,2,1,1
3670.0,2136.0,0,2,1,1
3669.0,2134.0,0,2,1,1
3668.0,2131.0,0,2,1,1
3667.0,2130.0,0,2,1,1
3667.0,2129.0,0,2,1,1
3667.0,2128.0,0,2,1,1
3666.0,2127.0,0,2,1,1
3666.0,2126.0,0,2,1,1
3665.0,2125.0,0,2,1,1
3665.0,2124.0,0,2,1,1
3664.0,2123.0,0,2,1,1
3664.0,2122.0,0,2,1,1
3664.0,2121.0,0,2,1,1
3663.0,2121.0,0,2,1,1
3662.0,2121.0,0,2,1,1
3662.0,2120.0,0,2,1,1
3909.0,2209.0,0,1,0,1
3909.0,2210.0,0,1,0,1
3909.0,2211.0,0,1,0,1
3909.0,2212.0,0,1,0,1
3909.0,2213.0,0,1,0,1
3909.0,2214.0,0,1,0,1
3908.0,2214.0,0,1,0,1
3907.0,2214.0,0,1,0,1
3906.0,2214.0,0,1,0,1
3906.0,2213.0,0,1,0,1
3905.0,2213.0,0,1,0,1
3903.0,2212.0,0,1,0,1
3902.0,2212.0,0,1,0,1
3901.0,2212.0,0,1,0,1
3901.0,2211.0,0,1,0,1
3900.0,2211.0,0,1,0,1
3899.0,2211.0,0,1,0,1
3899.0,2210.0,0,1,0,1
3899.0,2209.0,0,1,0,1
3898.0,2209.0,0,1,0,1
3899.0,2209.0,0,1,0,1
3900.0,2209.0,0,1,0,1
3901.0,2210.0,0,1,0,1
3902.0,2210.0,0,1,0,1
3903.0,2210.0,0,1,0,1
3904.0,2210.0,0,1,0,1
3905.0,2211.0,0,1,0,1
3906.0,2211.0,0,1,0,1
3907.0,2211.0,0,1,0,1
3908.0,2211.0,0,1,0,1
3909.0,2211.0,0,1,0,1
3910.0,2211.0,0,1,0,1
3911.0,2211.0,0,1,0,1
3912.0,2211.0,0,1,0,1
3913.0,2211.0,0,1,0,1
3914.0,2211.0,0,1,0,1
3915.0,2211.0,0,1,0,1
3916.0,2211.0,0,1,0,1
3917.0,2211.0,0,1,0,1
3918.0,2211.0,0,1,0,1
3919.0,2211.0,0,1,0,1
3920.0,2211.0,0,1,0,1
3921.0,2211.0,0,1,0,1
3922.0,2211.0,0,1,0,1
3922.0,2210.0,0,1,0,1
3923.0,2210.0,0,1,0,1
3922.0,2210.0,0,1,0,1
3860.0,2265.0,0,1,0,1
3859.0,2264.0,0,1,0,1
3858.0,2264.0,0,1,0,1
3857.0,2264.0,0,1,0,1
3857.0,2263.0,0,1,0,1
3856.0,2263.0,0,1,0,1
3855.0,2263.0,0,1,0,1
3854.0,2263.0,0,1,0,1
3853.0,2262.0,0,1,0,1
3853.0,2261.0,0,1,0,1
3852.0,2261.0,0,1,0,1
3851.0,2261.0,0,1,0,1
3851.0,2260.0,0,1,0,1
3850.0,2259.0,0,1,0,1
3850.0,2258.0,0,1,0,1
3850.0,2257.0,0,1,0,1
3850.0,2258.0,0,1,0,1
3851.0,2258.0,0,1,0,1
3990.0,2127.0,0,1,0,1
3990.0,2125.0,0,1,0,1
3990.0,2124.0,0,1,0,1
3990.0,2122.0,0,1,0,1
3990.0,2121.0,0,1,0,1
3990.0,2120.0,0,1,0,1
3990.0,2119.0,0,1,0,1
3990.0,2118.0,0,1,0,1
3990.0,2117.0,0,1,0,1
3990.0,2116.0,0,1,0,1
3990.0,2115.0,0,1,0,1
3991.0,2115.0,0,1,0,1
3991.0,2116.0,0,1,0,1
3991.0,2117.0,0,1,0,1
3991.0,2118.0,0,1,0,1
3991.0,2119.0,0,1,0,1
3991.0,2120.0,0,1,0,1
3991.0,2121.0,0,1,0,1
3991.0,2122.0,0,1,0,1
3991.0,2124.0,0,1,0,1
3991.0,2126.0,0,1,0,1
3991.0,2127.0,0,1,0,1
3991.0,2128.0,0,1,0,1
3990.0,2129.0,0,1,0,1
3990.0,2130.0,0,1,0,1
3990.0,2131.0,0,1,0,1
3990.0,2132.0,0,1,0,1
3990.0,2133.0,0,1,0,1
3990.0,2134.0,0,1,0,1
3990.0,2135.0,0,1,0,1
3990.0,2136.0,0,1,0,1
3990.0,2137.0,0,1,0,1
3990.0,2138.0,0,1,0,1
3990.0,2139.0,0,1,0,1
3990.0,2140.0,0,1,0,1
3990.0,2141.0,0,1,0,1
3990.0,2142.0,0,1,0,1
3990.0,2143.0,0,1,0,1
3990.0,2144.0,0,1,0,1
3990.0,2145.0,0,1,0,1
3990.0,2146.0,0,1,0,1
192,104,193,105,0
198,108,199,109,1
198,108,199,109,0
197,109,198,110,0
193,109,194,110,0
192,108,193,109,0
204,111,205,112,0
4077.0,2232.0,0,1,0,1
4078.0,2232.0,0,1,0,1
205,111,206,112,0
210,116,211,117,1
4214.0,2345.0,0,1,0,1
4208.0,2334.0,0,1,0,1
4209.0,2334.0,0,1,0,1
210,118,211,119,0
4350.0,2217.0,0,1,0,1
4350.0,2216.0,0,1,0,1
4350.0,2215.0,0,1,0,1
4350.0,2214.0,0,1,0,1
4350.0,2213.0,0,1,0,1
4350.0,2211.0,0,1,0,1
4350.0,2210.0,0,1,0,1
4350.0,2209.0,0,1,0,1
4350.0,2208.0,0,1,0,1
4350.0,2207.0,0,1,0,1
4350.0,2206.0,0,1,0,1
4351.0,2205.0,0,1,0,1
4351.0,2204.0,0,1,0,1
4351.0,2203.0,0,1,0,1
4351.0,2202.0,0,1,0,1
4351.0,2200.0,0,1,0,1
4351.0,2199.0,0,1,0,1
4351.0,2198.0,0,1,0,1
4352.0,2197.0,0,1,0,1
4352.0,2196.0,0,1,0,1
4352.0,2195.0,0,1,0,1
4352.0,2194.0,0,1,0,1
4352.0,2193.0,0,1,0,1
4352.0,2192.0,0,1,0,1
4352.0,2191.0,0,1,0,1
4352.0,2190.0,0,1,0,1
4352.0,2189.0,0,1,0,1
4352.0,2188.0,0,1,0,1
4350.0,2188.0,0,1,0,1
4349.0,2188.0,0,1,0,1
4348.0,2188.0,0,1,0,1
4346.0,2188.0,0,1,0,1
4345.0,2188.0,0,1,0,1
4344.0,2188.0,0,1,0,1
4342.0,2188.0,0,1,0,1
4341.0,2188.0,0,1,0,1
4339.0,2188.0,0,1,0,1
4338.0,2188.0,0,1,0,1
4338.0,2189.0,0,1,0,1
4337.0,2189.0,0,1,0,1
4336.0,2189.0,0,1,0,1
4336.0,2190.0,0,1,0,1
4335.0,2190.0,0,1,0,1
4335.0,2191.0,0,1,0,1
4334.0,2192.0,0,1,0,1
4333.0,2192.0,0,1,0,1
4333.0,2193.0,0,1,0,1
4333.0,2195.0,0,1,0,1
4332.0,2195.0,0,1,0,1
4332.0,2196.0,0,1,0,1
4332.0,2197.0,0,1,0,1
4332.0,2198.0,0,1,0,1
4332.0,2200.0,0,1,0,1
4332.0,2201.0,0,1,0,1
4331.0,2202.0,0,1,0,1
4331.0,2203.0,0,1,0,1
4331.0,2204.0,0,1,0,1
4331.0,2205.0,0,1,0,1
4331.0,2206.0,0,1,0,1
4331.0,2207.0,0,1,0,1
4331.0,2208.0,0,1,0,1
4332.0,2208.0,0,1,0,1
4332.0,2209.0,0,1,0,1
4333.0,2209.0,0,1,0,1
4333.0,2210.0,0,1,0,1
4333.0,2211.0,0,1,0,1
4334.0,2211.0,0,1,0,1
4335.0,2211.0,0,1,0,1
4336.0,2212.0,0,1,0,1
4338.0,2212.0,0,1,0,1
4338.0,2213.0,0,1,0,1
4339.0,2213.0,0,1,0,1
4340.0,2213.0,0,1,0,1
4341.0,2213.0,0,1,0,1
4342.0,2213.0,0,1,0,1
4343.0,2213.0,0,1,0,1
4344.0,2214.0,0,1,0,1
4345.0,2214.0,0,1,0,1
4346.0,2214.0,0,1,0,1
4347.0,2214.0,0,1,0,1
4348.0,2214.0,0,1,0,1
4349.0,2214.0,0,1,0,1
4350.0,2214.0,0,1,0,1
4351.0,2214.0,0,1,0,1
4352.0,2214.0,0,1,0,1
4353.0,2214.0,0,1,0,1
4354.0,2214.0,0,1,0,1
4355.0,2214.0,0,1,0,1
4356.0,2214.0,0,1,0,1
4357.0,2214.0,0,1,0,1
4358.0,2214.0,0,1,0,1
4359.0,2214.0,0,1,0,1
4361.0,2214.0,0,1,0,1
4362.0,2214.0,0,1,0,1
4363.0,2214.0,0,1,0,1
4364.0,2214.0,0,1,0,1
4364.0,2213.0,0,1,0,1
4365.0,2211.0,0,1,0,1
4365.0,2210.0,0,1,0,1
4365.0,2209.0,0,1,0,1
4365.0,2208.0,0,1,0,1
4365.0,2207.0,0,1,0,1
4365.0,2206.0,0,1,0,1
4365.0,2205.0,0,1,0,1
4365.0,2204.0,0,1,0,1
4365.0,2202.0,0,1,0,1
4365.0,2201.0,0,1,0,1
4365.0,2200.0,0,1,0,1
4365.0,2199.0,0,1,0,1
4365.0,2198.0,0,1,0,1
4365.0,2197.0,0,1,0,1
4549.0,2023.0,0,1,0,1
4547.0,2023.0,0,1,0,1
4545.0,2023.0,0,1,0,1
4544.0,2023.0,0,1,0,1
4542.0,2023.0,0,1,0,1
4540.0,2023.0,0,1,0,1
4538.0,2023.0,0,1,0,1
4537.0,2023.0,0,1,0,1
4536.0,2023.0,0,1,0,1
4534.0,2023.0,0,1,0,1
4532.0,2023.0,0,1,0,1
4531.0,2023.0,0,1,0,1
4529.0,2023.0,0,1,0,1
4528.0,2023.0,0,1,0,1
4526.0,2023.0,0,1,0,1
4524.0,2023.0,0,1,0,1
4522.0,2023.0,0,1,0,1
4520.0,2023.0,0,1,0,1
4518.0,2023.0,0,1,0,1
4517.0,2023.0,0,1,0,1
4514.0,2023.0,0,1,0,1
4513.0,2023.0,0,1,0,1
4511.0,2023.0,0,1,0,1
4510.0,2023.0,0,1,0,1
4510.0,2022.0,0,1,0,1
4509.0,2021.0,0,1,0,1
4508.0,2020.0,0,1,0,1
4508.0,2019.0,0,1,0,1
4508.0,2018.0,0,1,0,1
4508.0,2017.0,0,1,0,1
4508.0,2016.0,0,1,0,1
4508.0,2015.0,0,1,0,1
4508.0,2014.0,0,1,0,1
4509.0,2014.0,0,1,0,1
4509.0,2013.0,0,1,0,1
4510.0,2013.0,0,1,0,1
4510.0,2012.0,0,1,0,1
4511.0,2012.0,0,1,0,1
4512.0,2012.0,0,1,0,1
4513.0,2012.0,0,1,0,1
4515.0,2012.0,0,1,0,1
4516.0,2012.0,0,1,0,1
4517.0,2012.0,0,1,0,1
4517.0,2013.0,0,1,0,1
4518.0,2013.0,0,1,0,1
4519.0,2013.0,0,1,0,1
4520.0,2014.0,0,1,0,1
4521.0,2014.0,0,1,0,1
4522.0,2015.0,0,1,0,1
4523.0,2015.0,0,1,0,1
4524.0,2015.0,0,1,0,1
4525.0,2016.0,0,1,0,1
4526.0,2016.0,0,1,0,1
4527.0,2016.0,0,1,0,1
4527.0,2017.0,0,1,0,1
4528.0,2018.0,0,1,0,1
4529.0,2018.0,0,1,0,1
4530.0,2018.0,0,1,0,1
4531.0,2018.0,0,1,0,1
4531.0,2019.0,0,1,0,1
4532.0,2019.0,0,1,0,1
4532.0,2020.0,0,1,0,1
4532.0,2021.0,0,1,0,1
4532.0,2022.0,0,1,0,1
4532.0,2023.0,0,1,0,1
4532.0,2024.0,0,1,0,1
4532.0,2025.0,0,1,0,1
4532.0,2026.0,0,1,0,1
4532.0,2028.0,0,1,0,1
4533.0,2030.0,0,1,0,1
4533.0,2031.0,0,1,0,1
4533.0,2032.0,0,1,0,1
4533.0,2033.0,0,1,0,1
4533.0,2034.0,0,1,0,1
4533.0,2035.0,0,1,0,1
4533.0,2036.0,0,1,0,1
4533.0,2037.0,0,1,0,1
4533.0,2038.0,0,1,0,1
4533.0,2039.0,0,1,0,1
4532.0,2040.0,0,1,0,1
4532.0,2041.0,0,1,0,1
4531.0,2041.0,0,1,0,1
4531.0,2042.0,0,1,0,1
4529.0,2042.0,0,1,0,1
4529.0,2043.0,0,1,0,1
4528.0,2043.0,0,1,0,1
4528.0,2044.0,0,1,0,1
4526.0,2044.0,0,1,0,1
4525.0,2044.0,0,1,0,1
4523.0,2044.0,0,1,0,1
4522.0,2044.0,0,1,0,1
4520.0,2044.0,0,1,0,1
4519.0,2043.0,0,1,0,1
4518.0,2043.0,0,1,0,1
4517.0,2043.0,0,1,0,1
4516.0,2043.0,0,1,0,1
4515.0,2043.0,0,1,0,1
4514.0,2043.0,0,1,0,1
190,113,0,0,5
191,114,0,0,5
190,113,0,0,6
274,390,3480,2440,4
274,390,3480,2440,4
200,120,0,0,6
274,390,3480,2440,4
256.0,256.0,0,0,-1
4686.0,2038.0,0,5,1,1
4685.0,2037.0,0,5,1,1
4685.0,2036.0,0,5,1,1
4684.0,2036.0,0,5,1,1
4684.0,2035.0,0,5,1,1
4682.0,2034.0,0,5,1,1
4682.0,2033.0,0,5,1,1
4681.0,2032.0,0,5,1,1
4681.0,2031.0,0,5,1,1
4681.0,2030.0,0,5,1,1
4680.0,2030.0,0,5,1,1
4680.0,2029.0,0,5,1,1
4680.0,2027.0,0,5,0,1
4679.0,2026.0,0,5,0,1
4678.0,2025.0,0,5,0,1
4678.0,2024.0,0,5,0,1
4678.0,2023.0,0,5,0,1
4677.0,2022.0,0,5,0,1
4677.0,2021.0,0,5,0,1
4676.0,2021.0,0,5,0,1
4675.0,2021.0,0,5,0,1
4675.0,2020.0,0,5,0,1
4675.0,2019.0,0,5,0,1
4673.0,2019.0,0,5,0,1
4673.0,2018.0,0,5,0,1
4672.0,2018.0,0,5,0,1
4671.0,2017.0,0,5,0,1
4670.0,2017.0,0,5,0,1
4669.0,2016.0,0,5,0,1
4669.0,2015.0,0,5,0,1
4668.0,2015.0,0,5,0,1
4668.0,2014.0,0,5,0,1
4667.0,2012.0,0,5,0,1
4667.0,2011.0,0,5,0,1
4667.0,2009.0,0,5,0,1
4667.0,2007.0,0,5,0,1
4667.0,2006.0,0,5,0,1
4666.0,2005.0,0,5,0,1
4666.0,2004.0,0,5,0,1
4666.0,2003.0,0,5,0,1
4666.0,2002.0,0,5,0,1
4666.0,2001.0,0,5,0,1
4666.0,2000.0,0,5,0,1
4666.0,1999.0,0,5,0,1
4667.0,1999.0,0,5,0,1
4669.0,1999.0,0,5,0,1
4670.0,1999.0,0,5,0,1
4671.0,1999.0,0,5,0,1
4672.0,1999.0,0,5,0,1
4674.0,1999.0,0,5,0,1
4674.0,2000.0,0,5,0,1
4675.0,2000.0,0,5,0,1
4676.0,2001.0,0,5,0,1
4677.0,2001.0,0,5,0,1
4678.0,2002.0,0,5,0,1
4680.0,2002.0,0,5,0,1
4681.0,2003.0,0,5,0,1
4683.0,2004.0,0,5,0,1
4685.0,2005.0,0,5,0,1
4686.0,2006.0,0,5,0,1
4688.0,2007.0,0,5,0,1
4689.0,2007.0,0,5,0,1
4690.0,2008.0,0,5,0,1
4692.0,2009.0,0,5,0,1
4693.0,2010.0,0,5,0,1
4695.0,2011.0,0,5,0,1
4697.0,2012.0,0,5,0,1
4698.0,2013.0,0,5,0,1
4700.0,2014.0,0,5,0,1
4701.0,2015.0,0,5,0,1
4703.0,2016.0,0,5,0,1
4703.0,2017.0,0,5,0,1
4704.0,2017.0,0,5,0,1
4705.0,2019.0,0,5,0,1
4706.0,2019.0,0,5,0,1
4707.0,2020.0,0,5,0,1
4707.0,2021.0,0,5,0,1
4707.0,2022.0,0,5,0,1
4708.0,2023.0,0,5,0,1
4708.0,2024.0,0,5,0,1
4708.0,2025.0,0,5,0,1
4708.0,2027.0,0,5,0,1
4708.0,2029.0,0,5,0,1
4706.0,2031.0,0,5,0,1
4706.0,2032.0,0,5,0,1
4704.0,2032.0,0,5,0,1
4703.0,2034.0,0,5,0,1
4701.0,2035.0,0,5,0,1
4699.0,2035.0,0,5,0,1
4698.0,2035.0,0,5,0,1
4696.0,2037.0,0,5,0,1
4694.0,2038.0,0,5,0,1
4692.0,2038.0,0,5,0,1
4691.0,2038.0,0,5,0,1
4689.0,2038.0,0,5,0,1
4688.0,2038.0,0,5,0,1
4687.0,2039.0,0,5,0,1
4685.0,2039.0,0,5,0,1
4684.0,2039.0,0,5,0,1
4682.0,2039.0,0,5,0,1
4681.0,2039.0,0,5,0,1
4679.0,2039.0,0,5,0,1
4678.0,2039.0,0,5,0,1
4677.0,2039.0,0,5,0,1
4675.0,2039.0,0,5,0,1
4673.0,2039.0,0,5,0,1
4672.0,2039.0,0,5,0,1
4671.0,2039.0,0,5,0,1
4669.0,2039.0,0,5,0,1
4668.0,2039.0,0,5,0,1
4667.0,2039.0,0,5,0,1
4666.0,2039.0,0,5,0,1
4665.0,2039.0,0,5,0,1
4664.0,2039.0,0,5,0,1
4664.0,2038.0,0,5,0,1
4664.0,2037.0,0,5,0,1
4664.0,2036.0,0,5,0,1
4664.0,2035.0,0,5,0,1
4664.0,2034.0,0,5,0,1
4664.0,2032.0,0,5,0,1
4664.0,2031.0,0,5,0,1
4664.0,2029.0,0,5,0,1
4664.0,2028.0,0,5,0,1
4664.0,2027.0,0,5,0,1
4664.0,2026.0,0,5,0,1
4664.0,2024.0,0,5,0,1
4664.0,2023.0,0,5,0,1
4664.0,2022.0,0,5,0,1
4664.0,2021.0,0,5,0,1
4664.0,2019.0,0,5,0,1
4665.0,2017.0,0,5,0,1
4665.0,2016.0,0,5,0,1
4666.0,2015.0,0,5,0,1
4666.0,2014.0,0,5,0,1
4666.0,2013.0,0,5,0,1
4666.0,2012.0,0,5,0,1
4667.0,2011.0,0,5,0,1
4667.0,2010.0,0,5,0,1
274,390,3480,2440,4
274,390,3480,2440,4
256.0,256.0,0,0,-1
210,96,211,97,1
210,106,211,107,1
274,390,3480,2440,4
274,390,3480,2440,4
256.0,256.0,0,0,-1
274,390,3480,2440,4
20,7,0,0,-2
14,19,0,0,4
TheCreator,0,0,0,-4
