256.0,256.0,0,0,-1
31,5,57,33,0
31,33,57,58,0
31,58,57,87,0
31,87,56,119,0
56,87,57,119,0
31,55,36,85,1
56,55,62,55,1
51,55,57,83,1
51,83,57,85,1
31,85,41,116,1
31,116,41,120,1
43,85,57,105,1
43,105,58,122,1
43,85,47,112,0
43,112,47,119,0
46,85,47,115,1
46,114,47,123,1
29,5,30,8,0
29,5,30,10,0
18,5,31,9,0
29,9,31,14,1
27,1,30,3,1
43,119,44,125,0
41,119,45,148,0
41,119,42,142,1
41,142,42,151,1
42,148,45,173,0
45,170,70,173,0
932.0,3431.0,0,2,1,1
933.0,3431.0,0,2,1,1
934.0,3430.0,0,2,1,1
935.0,3430.0,0,2,1,1
937.0,3430.0,0,2,1,1
938.0,3430.0,0,2,1,1
939.0,3430.0,0,2,1,1
941.0,3430.0,0,2,1,1
942.0,3430.0,0,2,1,1
944.0,3430.0,0,2,1,1
945.0,3430.0,0,2,1,1
948.0,3430.0,0,2,1,1
951.0,3430.0,0,2,1,1
953.0,3430.0,0,2,1,1
955.0,3430.0,0,2,1,1
959.0,3430.0,0,2,1,1
962.0,3430.0,0,2,1,1
964.0,3431.0,0,2,1,1
967.0,3431.0,0,2,1,1
969.0,3432.0,0,2,1,1
970.0,3432.0,0,2,1,1
971.0,3432.0,0,2,1,1
972.0,3432.0,0,2,1,1
973.0,3432.0,0,2,1,1
974.0,3432.0,0,2,1,1
975.0,3432.0,0,2,1,1
977.0,3433.0,0,2,1,1
979.0,3433.0,0,2,1,1
980.0,3434.0,0,2,1,1
981.0,3434.0,0,2,1,1
932.0,3426.0,0,2,0,1
933.0,3426.0,0,2,0,1
934.0,3426.0,0,2,0,1
937.0,3426.0,0,2,0,1
938.0,3426.0,0,2,0,1
939.0,3426.0,0,2,0,1
940.0,3426.0,0,2,0,1
942.0,3426.0,0,2,0,1
943.0,3426.0,0,2,0,1
944.0,3426.0,0,2,0,1
945.0,3426.0,0,2,0,1
946.0,3426.0,0,2,0,1
947.0,3427.0,0,2,0,1
948.0,3427.0,0,2,0,1
949.0,3427.0,0,2,0,1
951.0,3427.0,0,2,0,1
952.0,3427.0,0,2,0,1
954.0,3427.0,0,2,0,1
956.0,3427.0,0,2,0,1
957.0,3427.0,0,2,0,1
958.0,3427.0,0,2,0,1
959.0,3428.0,0,2,0,1
960.0,3428.0,0,2,0,1
961.0,3428.0,0,2,0,1
962.0,3428.0,0,2,0,1
962.0,3429.0,0,2,0,1
963.0,3430.0,0,2,0,1
965.0,3430.0,0,2,0,1
966.0,3430.0,0,2,0,1
967.0,3430.0,0,2,0,1
969.0,3430.0,0,2,0,1
972.0,3430.0,0,2,0,1
973.0,3430.0,0,2,0,1
974.0,3430.0,0,2,0,1
977.0,3430.0,0,2,0,1
979.0,3430.0,0,2,0,1
981.0,3430.0,0,2,0,1
983.0,3432.0,0,2,0,1
985.0,3432.0,0,2,0,1
987.0,3433.0,0,2,0,1
988.0,3433.0,0,2,0,1
989.0,3433.0,0,2,0,1
991.0,3433.0,0,2,0,1
992.0,3433.0,0,2,0,1
994.0,3433.0,0,2,0,1
995.0,3433.0,0,2,0,1
997.0,3433.0,0,2,0,1
998.0,3433.0,0,2,0,1
1000.0,3433.0,0,2,0,1
1001.0,3433.0,0,2,0,1
1002.0,3433.0,0,2,0,1
1003.0,3433.0,0,2,0,1
1005.0,3433.0,0,2,0,1
1007.0,3433.0,0,2,0,1
1008.0,3433.0,0,2,0,1
1009.0,3433.0,0,2,0,1
1011.0,3433.0,0,2,0,1
1013.0,3433.0,0,2,0,1
1015.0,3433.0,0,2,0,1
1016.0,3433.0,0,2,0,1
1019.0,3433.0,0,2,0,1
1020.0,3433.0,0,2,0,1
1021.0,3433.0,0,2,0,1
1022.0,3433.0,0,2,0,1
29,11,30,12,2
29,11,30,12,2
29,4,30,5,2
29,4,30,5,1
592.0,209.0,0,2,2,1
592.0,210.0,0,2,2,1
592.0,211.0,0,2,2,1
592.0,212.0,0,2,2,1
592.0,214.0,0,2,2,1
592.0,215.0,0,2,2,1
592.0,216.0,0,2,2,1
592.0,217.0,0,2,2,1
592.0,218.0,0,2,2,1
592.0,219.0,0,2,2,1
592.0,220.0,0,2,2,1
592.0,240.0,0,2,2,1
592.0,260.0,0,2,2,1
592.0,280.0,0,2,2,1
592.0,300.0,0,2,2,1
592.0,320.0,0,2,2,1
592.0,340.0,0,2,2,1
592.0,360.0,0,2,2,1
592.0,380.0,0,2,2,1
592.0,400.0,0,2,2,1
592.0,420.0,0,2,2,1
592.0,440.0,0,2,2,1
592.0,460.0,0,2,2,1
592.0,480.0,0,2,2,1
592.0,500.0,0,2,2,1
592.0,520.0,0,2,2,1
592.0,540.0,0,2,2,1
592.0,560.0,0,2,2,1
592.0,580.0,0,2,2,1
592.0,600.0,0,2,2,1
592.0,620.0,0,2,2,1
592.0,640.0,0,2,2,1
592.0,660.0,0,2,2,1
592.0,680.0,0,2,2,1
592.0,700.0,0,2,2,1
592.0,720.0,0,2,2,1
592.0,740.0,0,2,2,1
592.0,760.0,0,2,2,1
592.0,780.0,0,2,2,1
592.0,800.0,0,2,2,1
592.0,820.0,0,2,2,1
592.0,840.0,0,2,2,1
592.0,860.0,0,2,2,1
592.0,880.0,0,2,2,1
592.0,900.0,0,2,2,1
592.0,920.0,0,2,2,1
592.0,940.0,0,2,2,1
592.0,960.0,0,2,2,1
592.0,980.0,0,2,2,1
592.0,1000.0,0,2,2,1
592.0,1020.0,0,2,2,1
592.0,1040.0,0,2,2,1
592.0,1060.0,0,2,2,1
592.0,1080.0,0,2,2,1
592.0,1100.0,0,2,2,1
592.0,1120.0,0,2,2,1
592.0,1140.0,0,2,2,1
592.0,1160.0,0,2,2,1
592.0,1180.0,0,2,2,1
592.0,1200.0,0,2,2,1
592.0,1220.0,0,2,2,1
592.0,1240.0,0,2,2,1
592.0,1260.0,0,2,2,1
592.0,1280.0,0,2,2,1
592.0,1300.0,0,2,2,1
592.0,1320.0,0,2,2,1
592.0,1340.0,0,2,2,1
592.0,1360.0,0,2,2,1
592.0,1380.0,0,2,2,1
592.0,1400.0,0,2,2,1
592.0,1420.0,0,2,2,1
592.0,1440.0,0,2,2,1
592.0,1460.0,0,2,2,1
592.0,1480.0,0,2,2,1
592.0,1500.0,0,2,2,1
592.0,1520.0,0,2,2,1
592.0,1540.0,0,2,2,1
592.0,1560.0,0,2,2,1
592.0,1580.0,0,2,2,1
592.0,1600.0,0,2,2,1
592.0,1620.0,0,2,2,1
592.0,1640.0,0,2,2,1
592.0,1660.0,0,2,2,1
592.0,1680.0,0,2,2,1
592.0,1700.0,0,2,2,1
592.0,1720.0,0,2,2,1
592.0,1740.0,0,2,2,1
592.0,1760.0,0,2,2,1
592.0,1780.0,0,2,2,1
592.0,1800.0,0,2,2,1
592.0,1820.0,0,2,2,1
592.0,1840.0,0,2,2,1
592.0,1860.0,0,2,2,1
592.0,1880.0,0,2,2,1
592.0,1900.0,0,2,2,1
592.0,1920.0,0,2,2,1
592.0,1940.0,0,2,2,1
592.0,1960.0,0,2,2,1
592.0,1980.0,0,2,2,1
592.0,2000.0,0,2,2,1
592.0,2020.0,0,2,2,1
592.0,2040.0,0,2,2,1
592.0,2060.0,0,2,2,1
592.0,2080.0,0,2,2,1
592.0,2100.0,0,2,2,1
592.0,2120.0,0,2,2,1
592.0,2140.0,0,2,2,1
592.0,2160.0,0,2,2,1
592.0,2180.0,0,2,2,1
592.0,2200.0,0,2,2,1
592.0,2220.0,0,2,2,1
592.0,2240.0,0,2,2,1
592.0,2260.0,0,2,2,1
592.0,2280.0,0,2,2,1
592.0,2300.0,0,2,2,1
592.0,2320.0,0,2,2,1
592.0,2340.0,0,2,2,1
592.0,2360.0,0,2,2,1
592.0,2380.0,0,2,2,1
592.0,2400.0,0,2,2,1
592.0,2420.0,0,2,2,1
592.0,2440.0,0,2,2,1
592.0,2460.0,0,2,2,1
592.0,2480.0,0,2,2,1
592.0,2500.0,0,2,2,1
592.0,2520.0,0,2,2,1
592.0,2540.0,0,2,2,1
592.0,2560.0,0,2,2,1
592.0,2540.0,0,2,2,1
592.0,2520.0,0,2,2,1
592.0,2500.0,0,2,2,1
592.0,2480.0,0,2,2,1
592.0,2460.0,0,2,2,1
592.0,2440.0,0,2,2,1
592.0,2420.0,0,2,2,1
592.0,2400.0,0,2,2,1
592.0,2380.0,0,2,2,1
592.0,2360.0,0,2,2,1
592.0,2340.0,0,2,2,1
592.0,2320.0,0,2,2,1
592.0,2300.0,0,2,2,1
592.0,2280.0,0,2,2,1
592.0,2260.0,0,2,2,1
592.0,2240.0,0,2,2,1
592.0,2220.0,0,2,2,1
592.0,2200.0,0,2,2,1
592.0,2180.0,0,2,2,1
592.0,2160.0,0,2,2,1
592.0,2140.0,0,2,2,1
592.0,2120.0,0,2,2,1
592.0,2100.0,0,2,2,1
592.0,2080.0,0,2,2,1
592.0,2060.0,0,2,2,1
592.0,2040.0,0,2,2,1
592.0,2020.0,0,2,2,1
592.0,2000.0,0,2,2,1
592.0,1980.0,0,2,2,1
592.0,1960.0,0,2,2,1
592.0,1940.0,0,2,2,1
592.0,1920.0,0,2,2,1
592.0,1900.0,0,2,2,1
592.0,1880.0,0,2,2,1
592.0,1860.0,0,2,2,1
592.0,1840.0,0,2,2,1
592.0,1820.0,0,2,2,1
592.0,1800.0,0,2,2,1
592.0,1780.0,0,2,2,1
592.0,1760.0,0,2,2,1
592.0,1740.0,0,2,2,1
592.0,1720.0,0,2,2,1
592.0,1700.0,0,2,2,1
592.0,1680.0,0,2,2,1
592.0,1660.0,0,2,2,1
592.0,1640.0,0,2,2,1
592.0,1620.0,0,2,2,1
592.0,1600.0,0,2,2,1
592.0,1580.0,0,2,2,1
592.0,1560.0,0,2,2,1
592.0,1540.0,0,2,2,1
592.0,1520.0,0,2,2,1
592.0,1500.0,0,2,2,1
592.0,1480.0,0,2,2,1
592.0,1460.0,0,2,2,1
592.0,1440.0,0,2,2,1
592.0,1420.0,0,2,2,1
592.0,1400.0,0,2,2,1
592.0,1380.0,0,2,2,1
592.0,1360.0,0,2,2,1
592.0,1340.0,0,2,2,1
592.0,1320.0,0,2,2,1
592.0,1300.0,0,2,2,1
592.0,1280.0,0,2,2,1
592.0,1260.0,0,2,2,1
592.0,1240.0,0,2,2,1
592.0,1220.0,0,2,2,1
592.0,1200.0,0,2,2,1
592.0,1180.0,0,2,2,1
592.0,1160.0,0,2,2,1
592.0,1140.0,0,2,2,1
592.0,1120.0,0,2,2,1
592.0,1100.0,0,2,2,1
592.0,1080.0,0,2,2,1
592.0,1060.0,0,2,2,1
592.0,1040.0,0,2,2,1
592.0,1020.0,0,2,2,1
592.0,1000.0,0,2,2,1
592.0,980.0,0,2,2,1
592.0,960.0,0,2,2,1
592.0,940.0,0,2,2,1
592.0,920.0,0,2,2,1
592.0,900.0,0,2,2,1
592.0,880.0,0,2,2,1
592.0,860.0,0,2,2,1
592.0,840.0,0,2,2,1
592.0,820.0,0,2,2,1
592.0,800.0,0,2,2,1
592.0,780.0,0,2,2,1
592.0,760.0,0,2,2,1
592.0,740.0,0,2,2,1
592.0,720.0,0,2,2,1
592.0,700.0,0,2,2,1
29,110,30,111,1
29,118,30,119,1
29,130,30,131,1
29,123,30,124,1
29,123,30,124,1
29,122,30,123,1
29,122,30,123,1
591.0,2439.0,0,2,1,1
591.0,2434.0,0,2,1,1
591.0,2431.0,0,2,1,1
591.0,2430.0,0,2,1,1
591.0,2428.0,0,2,1,1
591.0,2426.0,0,2,1,1
591.0,2424.0,0,2,1,1
591.0,2422.0,0,2,1,1
591.0,2423.0,0,2,1,1
591.0,2427.0,0,2,1,1
591.0,2433.0,0,2,1,1
591.0,2441.0,0,2,1,1
591.0,2451.0,0,2,1,1
591.0,2460.0,0,2,1,1
591.0,2466.0,0,2,1,1
591.0,2473.0,0,2,1,1
591.0,2477.0,0,2,1,1
591.0,2480.0,0,2,1,1
591.0,2482.0,0,2,1,1
591.0,2483.0,0,2,1,1
591.0,2482.0,0,2,1,1
591.0,2479.0,0,2,1,1
591.0,2473.0,0,2,1,1
591.0,2470.0,0,2,1,1
591.0,2466.0,0,2,1,1
591.0,2464.0,0,2,1,1
591.0,2463.0,0,2,1,1
591.0,2462.0,0,2,1,1
591.0,2461.0,0,2,1,1
591.0,2464.0,0,2,1,1
591.0,2472.0,0,2,1,1
589.0,2480.0,0,2,1,1
589.0,2489.0,0,2,1,1
588.0,2495.0,0,2,1,1
588.0,2502.0,0,2,1,1
588.0,2505.0,0,2,1,1
588.0,2509.0,0,2,1,1
588.0,2511.0,0,2,1,1
588.0,2512.0,0,2,1,1
588.0,2514.0,0,2,1,1
589.0,2515.0,0,2,1,1
589.0,2516.0,0,2,1,1
590.0,2517.0,0,2,1,1
590.0,2518.0,0,2,1,1
591.0,2521.0,0,2,1,1
593.0,2525.0,0,2,1,1
593.0,2526.0,0,2,1,1
593.0,2528.0,0,2,1,1
593.0,2530.0,0,2,1,1
594.0,2531.0,0,2,1,1
595.0,2533.0,0,2,1,1
596.0,2534.0,0,2,1,1
596.0,2537.0,0,2,1,1
596.0,2538.0,0,2,1,1
596.0,2539.0,0,2,1,1
596.0,2541.0,0,2,1,1
597.0,2542.0,0,2,1,1
597.0,2543.0,0,2,1,1
597.0,2545.0,0,2,1,1
597.0,2548.0,0,2,1,1
597.0,2549.0,0,2,1,1
597.0,2550.0,0,2,1,1
597.0,2551.0,0,2,1,1
597.0,2552.0,0,2,1,1
597.0,2553.0,0,2,1,1
595.0,2553.0,0,2,1,1
594.0,2553.0,0,2,1,1
593.0,2555.0,0,2,1,1
592.0,2555.0,0,2,1,1
591.0,2557.0,0,2,1,1
591.0,2559.0,0,2,1,1
591.0,2561.0,0,2,1,1
591.0,2562.0,0,2,1,1
591.0,2563.0,0,2,1,1
591.0,2564.0,0,2,1,1
591.0,2566.0,0,2,1,1
591.0,2546.0,0,2,1,1
591.0,2526.0,0,2,1,1
591.0,2506.0,0,2,1,1
591.0,2486.0,0,2,1,1
591.0,2466.0,0,2,1,1
591.0,2446.0,0,2,1,1
591.0,2426.0,0,2,1,1
591.0,2406.0,0,2,1,1
591.0,2386.0,0,2,1,1
591.0,2366.0,0,2,1,1
591.0,2346.0,0,2,1,1
591.0,2326.0,0,2,1,1
591.0,2306.0,0,2,1,1
591.0,2286.0,0,2,1,1
591.0,2266.0,0,2,1,1
591.0,2246.0,0,2,1,1
591.0,2226.0,0,2,1,1
591.0,2206.0,0,2,1,1
591.0,2186.0,0,2,1,1
591.0,2166.0,0,2,1,1
591.0,2146.0,0,2,1,1
591.0,2126.0,0,2,1,1
591.0,2106.0,0,2,1,1
591.0,2086.0,0,2,1,1
591.0,2066.0,0,2,1,1
591.0,2046.0,0,2,1,1
591.0,2026.0,0,2,1,1
591.0,2006.0,0,2,1,1
591.0,1986.0,0,2,1,1
591.0,1966.0,0,2,1,1
591.0,1946.0,0,2,1,1
591.0,1926.0,0,2,1,1
591.0,1906.0,0,2,1,1
591.0,1886.0,0,2,1,1
591.0,1866.0,0,2,1,1
591.0,1846.0,0,2,1,1
591.0,1826.0,0,2,1,1
591.0,1806.0,0,2,1,1
591.0,1786.0,0,2,1,1
591.0,1766.0,0,2,1,1
591.0,1746.0,0,2,1,1
591.0,1726.0,0,2,1,1
591.0,1706.0,0,2,1,1
591.0,1686.0,0,2,1,1
591.0,1666.0,0,2,1,1
591.0,1646.0,0,2,1,1
591.0,1626.0,0,2,1,1
591.0,1606.0,0,2,1,1
591.0,1586.0,0,2,1,1
591.0,1566.0,0,2,1,1
591.0,1546.0,0,2,1,1
591.0,1526.0,0,2,1,1
591.0,1506.0,0,2,1,1
591.0,1486.0,0,2,1,1
591.0,1466.0,0,2,1,1
591.0,1446.0,0,2,1,1
591.0,1426.0,0,2,1,1
591.0,1406.0,0,2,1,1
591.0,1386.0,0,2,1,1
591.0,1366.0,0,2,1,1
591.0,1346.0,0,2,1,1
591.0,1326.0,0,2,1,1
591.0,1306.0,0,2,1,1
591.0,1286.0,0,2,1,1
591.0,1266.0,0,2,1,1
591.0,1246.0,0,2,1,1
591.0,1226.0,0,2,1,1
591.0,1206.0,0,2,1,1
591.0,1186.0,0,2,1,1
591.0,1166.0,0,2,1,1
591.0,1146.0,0,2,1,1
591.0,1147.0,0,2,1,1
591.0,1127.0,0,2,1,1
591.0,1107.0,0,2,1,1
591.0,1087.0,0,2,1,1
591.0,1067.0,0,2,1,1
591.0,1047.0,0,2,1,1
586.0,1050.0,0,2,2,1
586.0,1051.0,0,2,2,1
586.0,1052.0,0,2,2,1
586.0,1054.0,0,2,2,1
587.0,1056.0,0,2,2,1
587.0,1057.0,0,2,2,1
587.0,1058.0,0,2,2,1
587.0,1059.0,0,2,2,1
587.0,1060.0,0,2,2,1
587.0,1061.0,0,2,2,1
587.0,1062.0,0,2,2,1
587.0,1063.0,0,2,2,1
587.0,1064.0,0,2,2,1
587.0,1065.0,0,2,2,1
587.0,1066.0,0,2,2,1
587.0,1067.0,0,2,2,1
587.0,1068.0,0,2,2,1
1174.0,1079.0,0,2,2,1
1174.0,1078.0,0,2,2,1
1174.0,1077.0,0,2,2,1
1174.0,1076.0,0,2,2,1
1174.0,1056.0,0,2,2,1
1174.0,1036.0,0,2,2,1
1174.0,1016.0,0,2,2,1
1174.0,996.0,0,2,2,1
1174.0,976.0,0,2,2,1
1174.0,956.0,0,2,2,1
1174.0,936.0,0,2,2,1
1174.0,916.0,0,2,2,1
1174.0,896.0,0,2,2,1
1174.0,876.0,0,2,2,1
1174.0,856.0,0,2,2,1
1174.0,836.0,0,2,2,1
1174.0,816.0,0,2,2,1
1174.0,796.0,0,2,2,1
1174.0,776.0,0,2,2,1
1174.0,756.0,0,2,2,1
1174.0,736.0,0,2,2,1
1174.0,716.0,0,2,2,1
1174.0,696.0,0,2,2,1
1174.0,676.0,0,2,2,1
1174.0,656.0,0,2,2,1
1174.0,636.0,0,2,2,1
1174.0,616.0,0,2,2,1
1174.0,596.0,0,2,2,1
1174.0,576.0,0,2,2,1
1174.0,556.0,0,2,2,1
1174.0,536.0,0,2,2,1
1174.0,516.0,0,2,2,1
1174.0,496.0,0,2,2,1
1174.0,476.0,0,2,2,1
1174.0,456.0,0,2,2,1
1174.0,436.0,0,2,2,1
1174.0,416.0,0,2,2,1
1174.0,396.0,0,2,2,1
1174.0,376.0,0,2,2,1
1174.0,356.0,0,2,2,1
1174.0,336.0,0,2,2,1
1174.0,316.0,0,2,2,1
1174.0,296.0,0,2,2,1
1174.0,276.0,0,2,2,1
1174.0,256.0,0,2,2,1
1174.0,236.0,0,2,2,1
1174.0,216.0,0,2,2,1
1174.0,196.0,0,2,2,1
1174.0,176.0,0,2,2,1
1174.0,175.0,0,2,2,1
1174.0,174.0,0,2,2,1
1174.0,173.0,0,2,2,1
1174.0,172.0,0,2,2,1
1174.0,171.0,0,2,2,1
1174.0,170.0,0,2,2,1
1174.0,169.0,0,2,2,1
1174.0,167.0,0,2,2,1
1174.0,166.0,0,2,2,1
1174.0,165.0,0,2,2,1
1174.0,164.0,0,2,2,1
1174.0,162.0,0,2,2,1
1174.0,160.0,0,2,2,1
1174.0,159.0,0,2,2,1
1174.0,158.0,0,2,2,1
1174.0,157.0,0,2,2,1
1174.0,156.0,0,2,2,1
1174.0,155.0,0,2,2,1
1174.0,153.0,0,2,2,1
1174.0,151.0,0,2,2,1
1174.0,150.0,0,2,2,1
1174.0,149.0,0,2,2,1
1174.0,148.0,0,2,2,1
1174.0,147.0,0,2,2,1
1174.0,146.0,0,2,2,1
1174.0,145.0,0,2,2,1
1173.0,144.0,0,2,2,1
1173.0,143.0,0,2,2,1
1173.0,142.0,0,2,2,1
1173.0,141.0,0,2,2,1
1173.0,139.0,0,2,2,1
1173.0,137.0,0,2,2,1
1173.0,136.0,0,2,2,1
1173.0,135.0,0,2,2,1
1173.0,134.0,0,2,2,1
1173.0,133.0,0,2,2,1
1173.0,131.0,0,2,2,1
1173.0,129.0,0,2,2,1
1173.0,128.0,0,2,2,1
1173.0,127.0,0,2,2,1
328.0,118.0,0,2,3,1
328.0,120.0,0,2,3,1
328.0,121.0,0,2,3,1
327.0,122.0,0,2,3,1
327.0,123.0,0,2,3,1
327.0,125.0,0,2,3,1
327.0,127.0,0,2,3,1
327.0,129.0,0,2,3,1
327.0,131.0,0,2,3,1
327.0,132.0,0,2,3,1
327.0,133.0,0,2,3,1
327.0,134.0,0,2,3,1
327.0,135.0,0,2,3,1
327.0,137.0,0,2,3,1
327.0,138.0,0,2,3,1
327.0,139.0,0,2,3,1
327.0,141.0,0,2,3,1
327.0,142.0,0,2,3,1
327.0,143.0,0,2,3,1
327.0,144.0,0,2,3,1
327.0,145.0,0,2,3,1
326.0,147.0,0,2,3,1
326.0,148.0,0,2,3,1
326.0,150.0,0,2,3,1
326.0,152.0,0,2,3,1
16,2,17,3,1
336.0,56.0,0,2,1,1
335.0,56.0,0,2,1,1
333.0,56.0,0,2,1,1
332.0,56.0,0,2,1,1
331.0,56.0,0,2,1,1
331.0,57.0,0,2,1,1
331.0,59.0,0,2,1,1
336.0,60.0,0,2,1,1
339.0,63.0,0,2,1,1
344.0,64.0,0,2,1,1
347.0,66.0,0,2,1,1
350.0,66.0,0,2,1,1
355.0,68.0,0,2,1,1
357.0,68.0,0,2,1,1
359.0,69.0,0,2,1,1
345.0,69.0,0,2,1,1
343.0,69.0,0,2,1,1
341.0,69.0,0,2,1,1
340.0,69.0,0,2,1,1
338.0,69.0,0,2,1,1
335.0,69.0,0,2,1,1
332.0,69.0,0,2,1,1
331.0,69.0,0,2,1,1
330.0,69.0,0,2,1,1
327.0,68.0,0,2,1,1
325.0,68.0,0,2,1,1
324.0,68.0,0,2,1,1
322.0,68.0,0,2,1,1
321.0,68.0,0,2,1,1
320.0,68.0,0,2,1,1
319.0,68.0,0,2,1,1
318.0,68.0,0,2,1,1
317.0,68.0,0,2,1,1
316.0,68.0,0,2,1,1
315.0,68.0,0,2,1,1
313.0,67.0,0,2,1,1
312.0,67.0,0,2,1,1
311.0,67.0,0,2,1,1
308.0,66.0,0,2,1,1
855.0,3471.0,0,1,2,1
857.0,3471.0,0,1,2,1
858.0,3471.0,0,1,2,1
859.0,3471.0,0,1,2,1
860.0,3471.0,0,1,2,1
862.0,3472.0,0,1,2,1
863.0,3472.0,0,1,2,1
864.0,3472.0,0,1,2,1
865.0,3472.0,0,1,2,1
867.0,3472.0,0,1,2,1
868.0,3472.0,0,1,2,1
869.0,3472.0,0,1,2,1
870.0,3472.0,0,1,2,1
871.0,3472.0,0,1,2,1
872.0,3472.0,0,1,2,1
873.0,3472.0,0,1,2,1
874.0,3472.0,0,1,2,1
875.0,3472.0,0,1,2,1
876.0,3472.0,0,1,2,1
877.0,3472.0,0,1,2,1
878.0,3472.0,0,1,2,1
879.0,3472.0,0,1,2,1
880.0,3472.0,0,1,2,1
881.0,3472.0,0,1,2,1
833.0,3469.0,0,1,2,1
833.0,3468.0,0,1,2,1
833.0,3467.0,0,1,2,1
833.0,3466.0,0,1,2,1
833.0,3465.0,0,1,2,1
833.0,3464.0,0,1,2,1
833.0,3463.0,0,1,2,1
833.0,3462.0,0,1,2,1
833.0,3461.0,0,1,2,1
833.0,3460.0,0,1,2,1
833.0,3459.0,0,1,2,1
833.0,3457.0,0,1,2,1
833.0,3437.0,0,1,2,1
833.0,3417.0,0,1,2,1
833.0,3397.0,0,1,2,1
833.0,3377.0,0,1,2,1
833.0,3357.0,0,1,2,1
833.0,3337.0,0,1,2,1
833.0,3317.0,0,1,2,1
833.0,3297.0,0,1,2,1
833.0,3277.0,0,1,2,1
833.0,3257.0,0,1,2,1
833.0,3237.0,0,1,2,1
833.0,3217.0,0,1,2,1
833.0,3197.0,0,1,2,1
833.0,3177.0,0,1,2,1
833.0,3157.0,0,1,2,1
833.0,3137.0,0,1,2,1
833.0,3117.0,0,1,2,1
833.0,3097.0,0,1,2,1
833.0,3077.0,0,1,2,1
833.0,3057.0,0,1,2,1
833.0,3037.0,0,1,2,1
833.0,3017.0,0,1,2,1
833.0,2997.0,0,1,2,1
833.0,2977.0,0,1,2,1
833.0,2957.0,0,1,2,1
833.0,2937.0,0,1,2,1
833.0,2917.0,0,1,2,1
833.0,2897.0,0,1,2,1
833.0,2877.0,0,1,2,1
833.0,2857.0,0,1,2,1
833.0,2837.0,0,1,2,1
833.0,2817.0,0,1,2,1
833.0,2797.0,0,1,2,1
833.0,2777.0,0,1,2,1
833.0,2757.0,0,1,2,1
833.0,2737.0,0,1,2,1
833.0,2717.0,0,1,2,1
833.0,2697.0,0,1,2,1
833.0,2677.0,0,1,2,1
833.0,2657.0,0,1,2,1
833.0,2637.0,0,1,2,1
833.0,2617.0,0,1,2,1
833.0,2597.0,0,1,2,1
833.0,2577.0,0,1,2,1
833.0,2557.0,0,1,2,1
833.0,2537.0,0,1,2,1
833.0,2517.0,0,1,2,1
833.0,2497.0,0,1,2,1
833.0,2477.0,0,1,2,1
833.0,2457.0,0,1,2,1
833.0,2437.0,0,1,2,1
833.0,2417.0,0,1,2,1
833.0,2397.0,0,1,2,1
833.0,2377.0,0,1,2,1
833.0,2357.0,0,1,2,1
833.0,2337.0,0,1,2,1
829.0,2340.0,0,1,0,1
829.0,2342.0,0,1,0,1
829.0,2343.0,0,1,0,1
829.0,2347.0,0,1,0,1
829.0,2349.0,0,1,0,1
829.0,2350.0,0,1,0,1
829.0,2352.0,0,1,0,1
829.0,2354.0,0,1,0,1
829.0,2355.0,0,1,0,1
829.0,2356.0,0,1,0,1
829.0,2335.0,0,1,0,1
829.0,2336.0,0,1,0,1
829.0,2339.0,0,1,0,1
829.0,2341.0,0,1,0,1
829.0,2342.0,0,1,0,1
829.0,2344.0,0,1,0,1
829.0,2347.0,0,1,0,1
829.0,2349.0,0,1,0,1
829.0,2351.0,0,1,0,1
829.0,2352.0,0,1,0,1
829.0,2353.0,0,1,0,1
829.0,2354.0,0,1,0,1
829.0,2355.0,0,1,0,1
829.0,2356.0,0,1,0,1
829.0,2358.0,0,1,0,1
829.0,2359.0,0,1,0,1
829.0,2360.0,0,1,0,1
829.0,2361.0,0,1,0,1
829.0,2363.0,0,1,0,1
829.0,2364.0,0,1,0,1
813.0,2374.0,0,1,2,1
813.0,2354.0,0,1,2,1
813.0,2334.0,0,1,2,1
813.0,2314.0,0,1,2,1
813.0,2294.0,0,1,2,1
813.0,2274.0,0,1,2,1
813.0,2254.0,0,1,2,1
813.0,2234.0,0,1,2,1
813.0,2214.0,0,1,2,1
813.0,2194.0,0,1,2,1
813.0,2174.0,0,1,2,1
813.0,2154.0,0,1,2,1
813.0,2134.0,0,1,2,1
813.0,2114.0,0,1,2,1
813.0,2094.0,0,1,2,1
813.0,2074.0,0,1,2,1
813.0,2054.0,0,1,2,1
813.0,2034.0,0,1,2,1
813.0,2014.0,0,1,2,1
813.0,1994.0,0,1,2,1
813.0,1974.0,0,1,2,1
813.0,1954.0,0,1,2,1
813.0,1934.0,0,1,2,1
813.0,1914.0,0,1,2,1
813.0,1894.0,0,1,2,1
813.0,1874.0,0,1,2,1
813.0,1854.0,0,1,2,1
813.0,1834.0,0,1,2,1
813.0,1814.0,0,1,2,1
813.0,1794.0,0,1,2,1
813.0,1774.0,0,1,2,1
813.0,1754.0,0,1,2,1
813.0,1734.0,0,1,2,1
813.0,1714.0,0,1,2,1
813.0,1694.0,0,1,2,1
813.0,1674.0,0,1,2,1
813.0,1654.0,0,1,2,1
813.0,1634.0,0,1,2,1
813.0,1673.0,0,1,0,1
812.0,1675.0,0,1,0,1
809.0,1679.0,0,1,0,1
808.0,1680.0,0,1,0,1
807.0,1681.0,0,1,0,1
807.0,1682.0,0,1,0,1
805.0,1682.0,0,1,0,1
805.0,1681.0,0,1,0,1
803.0,1676.0,0,1,0,1
802.0,1673.0,0,1,0,1
801.0,1667.0,0,1,0,1
799.0,1660.0,0,1,0,1
799.0,1657.0,0,1,0,1
798.0,1651.0,0,1,0,1
798.0,1646.0,0,1,0,1
798.0,1644.0,0,1,0,1
798.0,1638.0,0,1,0,1
798.0,1636.0,0,1,0,1
798.0,1633.0,0,1,0,1
798.0,1631.0,0,1,0,1
800.0,1628.0,0,1,0,1
800.0,1627.0,0,1,0,1
800.0,1626.0,0,1,0,1
801.0,1625.0,0,1,0,1
801.0,1623.0,0,1,0,1
802.0,1622.0,0,1,0,1
803.0,1621.0,0,1,0,1
803.0,1620.0,0,1,0,1
804.0,1620.0,0,1,0,1
805.0,1619.0,0,1,0,1
806.0,1619.0,0,1,0,1
806.0,1620.0,0,1,0,1
808.0,1622.0,0,1,0,1
809.0,1624.0,0,1,0,1
809.0,1626.0,0,1,0,1
810.0,1631.0,0,1,0,1
811.0,1636.0,0,1,0,1
812.0,1640.0,0,1,0,1
812.0,1643.0,0,1,0,1
813.0,1646.0,0,1,0,1
814.0,1650.0,0,1,0,1
815.0,1653.0,0,1,0,1
815.0,1654.0,0,1,0,1
815.0,1655.0,0,1,0,1
815.0,1656.0,0,1,0,1
815.0,1657.0,0,1,0,1
815.0,1658.0,0,1,0,1
815.0,1659.0,0,1,0,1
814.0,1661.0,0,1,0,1
813.0,1662.0,0,1,0,1
812.0,1662.0,0,1,0,1
811.0,1663.0,0,1,0,1
799.0,1708.0,0,1,2,1
798.0,1708.0,0,1,2,1
797.0,1708.0,0,1,2,1
796.0,1708.0,0,1,2,1
795.0,1708.0,0,1,2,1
793.0,1708.0,0,1,2,1
791.0,1708.0,0,1,2,1
790.0,1708.0,0,1,2,1
789.0,1708.0,0,1,2,1
787.0,1708.0,0,1,2,1
785.0,1708.0,0,1,2,1
784.0,1708.0,0,1,2,1
783.0,1708.0,0,1,2,1
781.0,1708.0,0,1,2,1
779.0,1708.0,0,1,2,1
777.0,1708.0,0,1,2,1
775.0,1708.0,0,1,2,1
774.0,1708.0,0,1,2,1
772.0,1708.0,0,1,2,1
771.0,1708.0,0,1,2,1
770.0,1708.0,0,1,2,1
769.0,1708.0,0,1,2,1
767.0,1708.0,0,1,2,1
765.0,1708.0,0,1,2,1
764.0,1708.0,0,1,2,1
763.0,1708.0,0,1,2,1
762.0,1708.0,0,1,2,1
761.0,1709.0,0,1,2,1
759.0,1709.0,0,1,2,1
758.0,1709.0,0,1,2,1
757.0,1709.0,0,1,2,1
756.0,1709.0,0,1,2,1
755.0,1709.0,0,1,2,1
754.0,1709.0,0,1,2,1
753.0,1709.0,0,1,2,1
752.0,1709.0,0,1,2,1
751.0,1709.0,0,1,2,1
750.0,1709.0,0,1,2,1
748.0,1709.0,0,1,2,1
747.0,1709.0,0,1,2,1
745.0,1710.0,0,1,2,1
743.0,1710.0,0,1,2,1
742.0,1710.0,0,1,2,1
740.0,1710.0,0,1,2,1
739.0,1710.0,0,1,2,1
737.0,1710.0,0,1,2,1
736.0,1710.0,0,1,2,1
735.0,1710.0,0,1,2,1
734.0,1710.0,0,1,2,1
733.0,1710.0,0,1,2,1
732.0,1710.0,0,1,2,1
730.0,1710.0,0,1,2,1
729.0,1710.0,0,1,2,1
727.0,1710.0,0,1,2,1
726.0,1710.0,0,1,2,1
724.0,1710.0,0,1,2,1
723.0,1710.0,0,1,2,1
722.0,1710.0,0,1,2,1
721.0,1710.0,0,1,2,1
719.0,1710.0,0,1,2,1
717.0,1710.0,0,1,2,1
716.0,1710.0,0,1,2,1
715.0,1710.0,0,1,2,1
715.0,1690.0,0,1,2,1
715.0,1670.0,0,1,2,1
715.0,1650.0,0,1,2,1
715.0,1630.0,0,1,2,1
715.0,1610.0,0,1,2,1
715.0,1590.0,0,1,2,1
715.0,1570.0,0,1,2,1
715.0,1550.0,0,1,2,1
715.0,1530.0,0,1,2,1
715.0,1510.0,0,1,2,1
715.0,1490.0,0,1,2,1
715.0,1470.0,0,1,2,1
715.0,1450.0,0,1,2,1
715.0,1430.0,0,1,2,1
715.0,1410.0,0,1,2,1
715.0,1390.0,0,1,2,1
715.0,1370.0,0,1,2,1
715.0,1350.0,0,1,2,1
715.0,1330.0,0,1,2,1
715.0,1310.0,0,1,2,1
715.0,1290.0,0,1,2,1
715.0,1270.0,0,1,2,1
715.0,1250.0,0,1,2,1
715.0,1230.0,0,1,2,1
715.0,1210.0,0,1,2,1
715.0,1190.0,0,1,2,1
715.0,1170.0,0,1,2,1
715.0,1150.0,0,1,2,1
715.0,1130.0,0,1,2,1
714.0,1130.0,0,1,2,1
713.0,1128.0,0,1,2,1
712.0,1125.0,0,1,2,1
712.0,1124.0,0,1,2,1
712.0,1122.0,0,1,2,1
712.0,1120.0,0,1,2,1
712.0,1119.0,0,1,2,1
712.0,1118.0,0,1,2,1
712.0,1117.0,0,1,2,1
712.0,1116.0,0,1,2,1
711.0,1116.0,0,1,2,1
710.0,1116.0,0,1,2,1
708.0,1116.0,0,1,2,1
707.0,1115.0,0,1,2,1
706.0,1115.0,0,1,2,1
705.0,1115.0,0,1,2,1
703.0,1114.0,0,1,2,1
702.0,1114.0,0,1,2,1
701.0,1114.0,0,1,2,1
699.0,1114.0,0,1,2,1
698.0,1113.0,0,1,2,1
697.0,1113.0,0,1,2,1
696.0,1113.0,0,1,2,1
695.0,1113.0,0,1,2,1
694.0,1113.0,0,1,2,1
693.0,1113.0,0,1,2,1
691.0,1112.0,0,1,2,1
689.0,1112.0,0,1,2,1
688.0,1112.0,0,1,2,1
687.0,1112.0,0,1,2,1
686.0,1112.0,0,1,2,1
684.0,1111.0,0,1,2,1
683.0,1111.0,0,1,2,1
681.0,1110.0,0,1,2,1
680.0,1110.0,0,1,2,1
678.0,1110.0,0,1,2,1
677.0,1109.0,0,1,2,1
676.0,1109.0,0,1,2,1
675.0,1109.0,0,1,2,1
672.0,1109.0,0,1,2,1
670.0,1108.0,0,1,2,1
668.0,1108.0,0,1,2,1
665.0,1107.0,0,1,2,1
664.0,1107.0,0,1,2,1
663.0,1107.0,0,1,2,1
662.0,1107.0,0,1,2,1
660.0,1107.0,0,1,2,1
659.0,1107.0,0,1,2,1
658.0,1107.0,0,1,2,1
657.0,1107.0,0,1,2,1
656.0,1107.0,0,1,2,1
655.0,1107.0,0,1,2,1
654.0,1107.0,0,1,2,1
653.0,1107.0,0,1,2,1
652.0,1107.0,0,1,2,1
651.0,1107.0,0,1,2,1
650.0,1107.0,0,1,2,1
649.0,1107.0,0,1,2,1
648.0,1107.0,0,1,2,1
647.0,1107.0,0,1,2,1
645.0,1107.0,0,1,2,1
644.0,1107.0,0,1,2,1
643.0,1107.0,0,1,2,1
642.0,1107.0,0,1,2,1
641.0,1107.0,0,1,2,1
639.0,1107.0,0,1,2,1
638.0,1107.0,0,1,2,1
637.0,1107.0,0,1,2,1
636.0,1107.0,0,1,2,1
573.0,1111.0,0,1,0,1
573.0,1110.0,0,1,0,1
573.0,1106.0,0,1,0,1
573.0,1103.0,0,1,0,1
574.0,1099.0,0,1,0,1
577.0,1094.0,0,1,0,1
578.0,1090.0,0,1,0,1
579.0,1085.0,0,1,0,1
580.0,1081.0,0,1,0,1
580.0,1077.0,0,1,0,1
581.0,1074.0,0,1,0,1
581.0,1072.0,0,1,0,1
581.0,1071.0,0,1,0,1
581.0,1069.0,0,1,0,1
581.0,1074.0,0,1,0,1
579.0,1082.0,0,1,0,1
578.0,1084.0,0,1,0,1
577.0,1089.0,0,1,0,1
575.0,1099.0,0,1,0,1
575.0,1103.0,0,1,0,1
574.0,1105.0,0,1,0,1
574.0,1106.0,0,1,0,1
575.0,1105.0,0,1,0,1
576.0,1101.0,0,1,0,1
578.0,1098.0,0,1,0,1
578.0,1093.0,0,1,0,1
579.0,1090.0,0,1,0,1
580.0,1088.0,0,1,0,1
580.0,1085.0,0,1,0,1
580.0,1084.0,0,1,0,1
580.0,1081.0,0,1,0,1
580.0,1080.0,0,1,0,1
581.0,1084.0,0,1,0,1
582.0,1087.0,0,1,0,1
584.0,1091.0,0,1,0,1
585.0,1094.0,0,1,0,1
586.0,1098.0,0,1,0,1
588.0,1100.0,0,1,0,1
589.0,1101.0,0,1,0,1
590.0,1102.0,0,1,0,1
590.0,1101.0,0,1,0,1
590.0,1099.0,0,1,0,1
590.0,1097.0,0,1,0,1
590.0,1096.0,0,1,0,1
583.0,1119.0,0,1,1,1
583.0,1118.0,0,1,1,1
582.0,1118.0,0,1,1,1
579.0,1118.0,0,1,1,1
577.0,1117.0,0,1,1,1
576.0,1117.0,0,1,1,1
575.0,1117.0,0,1,1,1
576.0,1116.0,0,1,1,1
577.0,1115.0,0,1,1,1
577.0,1114.0,0,1,1,1
577.0,1112.0,0,1,1,1
578.0,1112.0,0,1,1,1
578.0,1111.0,0,1,1,1
580.0,1109.0,0,1,1,1
581.0,1108.0,0,1,1,1
581.0,1107.0,0,1,1,1
583.0,1105.0,0,1,1,1
583.0,1104.0,0,1,1,1
584.0,1103.0,0,1,1,1
585.0,1103.0,0,1,1,1
585.0,1101.0,0,1,1,1
585.0,1100.0,0,1,1,1
585.0,1099.0,0,1,1,1
585.0,1098.0,0,1,1,1
585.0,1095.0,0,1,1,1
585.0,1094.0,0,1,1,1
585.0,1092.0,0,1,1,1
585.0,1089.0,0,1,1,1
585.0,1088.0,0,1,1,1
585.0,1087.0,0,1,1,1
585.0,1067.0,0,1,1,1
585.0,1047.0,0,1,1,1
585.0,1027.0,0,1,1,1
585.0,1007.0,0,1,1,1
585.0,987.0,0,1,1,1
585.0,967.0,0,1,1,1
585.0,947.0,0,1,1,1
585.0,927.0,0,1,1,1
585.0,907.0,0,1,1,1
585.0,887.0,0,1,1,1
585.0,867.0,0,1,1,1
585.0,847.0,0,1,1,1
585.0,827.0,0,1,1,1
585.0,807.0,0,1,1,1
585.0,787.0,0,1,1,1
585.0,767.0,0,1,1,1
585.0,747.0,0,1,1,1
585.0,727.0,0,1,1,1
585.0,707.0,0,1,1,1
585.0,687.0,0,1,1,1
585.0,667.0,0,1,1,1
585.0,647.0,0,1,1,1
585.0,627.0,0,1,1,1
585.0,607.0,0,1,1,1
585.0,587.0,0,1,1,1
585.0,567.0,0,1,1,1
585.0,547.0,0,1,1,1
585.0,527.0,0,1,1,1
585.0,507.0,0,1,1,1
585.0,487.0,0,1,1,1
585.0,467.0,0,1,1,1
585.0,447.0,0,1,1,1
585.0,427.0,0,1,1,1
585.0,407.0,0,1,1,1
585.0,387.0,0,1,1,1
585.0,367.0,0,1,1,1
585.0,347.0,0,1,1,1
585.0,327.0,0,1,1,1
585.0,307.0,0,1,1,1
585.0,287.0,0,1,1,1
585.0,267.0,0,1,1,1
585.0,247.0,0,1,1,1
585.0,227.0,0,1,1,1
585.0,226.0,0,1,1,1
585.0,225.0,0,1,1,1
585.0,223.0,0,1,1,1
585.0,222.0,0,1,1,1
585.0,221.0,0,1,1,1
585.0,219.0,0,1,1,1
586.0,218.0,0,1,1,1
585.0,217.0,0,1,1,1
584.0,216.0,0,1,1,1
583.0,216.0,0,1,1,1
582.0,215.0,0,1,1,1
581.0,215.0,0,1,1,1
580.0,215.0,0,1,1,1
579.0,214.0,0,1,1,1
578.0,214.0,0,1,1,1
577.0,213.0,0,1,1,1
576.0,213.0,0,1,1,1
575.0,213.0,0,1,1,1
574.0,213.0,0,1,1,1
573.0,214.0,0,1,1,1
573.0,216.0,0,1,1,1
573.0,217.0,0,1,1,1
573.0,219.0,0,1,1,1
573.0,221.0,0,1,1,1
573.0,224.0,0,1,1,1
573.0,226.0,0,1,1,1
573.0,228.0,0,1,1,1
573.0,230.0,0,1,1,1
573.0,233.0,0,1,1,1
573.0,235.0,0,1,1,1
573.0,238.0,0,1,1,1
573.0,239.0,0,1,1,1
573.0,240.0,0,1,1,1
573.0,241.0,0,1,1,1
573.0,244.0,0,1,1,1
573.0,245.0,0,1,1,1
573.0,246.0,0,1,1,1
573.0,247.0,0,1,1,1
573.0,249.0,0,1,1,1
573.0,250.0,0,1,1,1
573.0,251.0,0,1,1,1
573.0,253.0,0,1,1,1
573.0,255.0,0,1,1,1
573.0,257.0,0,1,1,1
573.0,258.0,0,1,1,1
573.0,260.0,0,1,1,1
573.0,261.0,0,1,1,1
573.0,262.0,0,1,1,1
573.0,263.0,0,1,1,1
573.0,264.0,0,1,1,1
573.0,265.0,0,1,1,1
573.0,266.0,0,1,1,1
573.0,267.0,0,1,1,1
573.0,268.0,0,1,1,1
573.0,269.0,0,1,1,1
573.0,270.0,0,1,1,1
573.0,271.0,0,1,1,1
573.0,272.0,0,1,1,1
573.0,273.0,0,1,1,1
573.0,276.0,0,1,1,1
573.0,277.0,0,1,1,1
573.0,278.0,0,1,1,1
573.0,280.0,0,1,1,1
573.0,283.0,0,1,1,1
573.0,284.0,0,1,1,1
573.0,287.0,0,1,1,1
573.0,288.0,0,1,1,1
573.0,290.0,0,1,1,1
573.0,291.0,0,1,1,1
573.0,293.0,0,1,1,1
573.0,294.0,0,1,1,1
573.0,295.0,0,1,1,1
573.0,296.0,0,1,1,1
573.0,297.0,0,1,1,1
573.0,299.0,0,1,1,1
573.0,300.0,0,1,1,1
573.0,301.0,0,1,1,1
573.0,302.0,0,1,1,1
573.0,303.0,0,1,1,1
573.0,304.0,0,1,1,1
573.0,306.0,0,1,1,1
573.0,307.0,0,1,1,1
573.0,309.0,0,1,1,1
573.0,310.0,0,1,1,1
573.0,312.0,0,1,1,1
571.0,314.0,0,1,1,1
571.0,316.0,0,1,1,1
571.0,317.0,0,1,1,1
571.0,318.0,0,1,1,1
571.0,320.0,0,1,1,1
571.0,321.0,0,1,1,1
571.0,322.0,0,1,1,1
571.0,323.0,0,1,1,1
571.0,324.0,0,1,1,1
570.0,325.0,0,1,1,1
570.0,326.0,0,1,1,1
569.0,326.0,0,1,1,1
569.0,346.0,0,1,1,1
569.0,366.0,0,1,1,1
569.0,386.0,0,1,1,1
569.0,406.0,0,1,1,1
569.0,426.0,0,1,1,1
569.0,446.0,0,1,1,1
569.0,466.0,0,1,1,1
569.0,486.0,0,1,1,1
569.0,506.0,0,1,1,1
569.0,526.0,0,1,1,1
569.0,546.0,0,1,1,1
569.0,566.0,0,1,1,1
569.0,586.0,0,1,1,1
569.0,606.0,0,1,1,1
569.0,626.0,0,1,1,1
569.0,646.0,0,1,1,1
569.0,666.0,0,1,1,1
569.0,686.0,0,1,1,1
569.0,706.0,0,1,1,1
569.0,726.0,0,1,1,1
569.0,746.0,0,1,1,1
569.0,766.0,0,1,1,1
569.0,786.0,0,1,1,1
569.0,806.0,0,1,1,1
569.0,826.0,0,1,1,1
569.0,846.0,0,1,1,1
569.0,866.0,0,1,1,1
569.0,886.0,0,1,1,1
569.0,906.0,0,1,1,1
569.0,926.0,0,1,1,1
569.0,946.0,0,1,1,1
569.0,966.0,0,1,1,1
569.0,986.0,0,1,1,1
569.0,1006.0,0,1,1,1
569.0,1026.0,0,1,1,1
569.0,1046.0,0,1,1,1
569.0,1066.0,0,1,1,1
569.0,1086.0,0,1,1,1
569.0,1106.0,0,1,1,1
569.0,1126.0,0,1,1,1
569.0,1146.0,0,1,1,1
569.0,1166.0,0,1,1,1
569.0,1186.0,0,1,1,1
569.0,1206.0,0,1,1,1
569.0,1226.0,0,1,1,1
569.0,1246.0,0,1,1,1
569.0,1266.0,0,1,1,1
569.0,1286.0,0,1,1,1
569.0,1306.0,0,1,1,1
30,55,31,56,2
1032.0,1107.0,0,1,2,1
1032.0,1108.0,0,1,2,1
1033.0,1108.0,0,1,2,1
1035.0,1108.0,0,1,2,1
1036.0,1108.0,0,1,2,1
1039.0,1108.0,0,1,2,1
1042.0,1109.0,0,1,2,1
1045.0,1110.0,0,1,2,1
1051.0,1111.0,0,1,2,1
1055.0,1111.0,0,1,2,1
1058.0,1112.0,0,1,2,1
1060.0,1112.0,0,1,2,1
1065.0,1113.0,0,1,2,1
1068.0,1113.0,0,1,2,1
1070.0,1113.0,0,1,2,1
1071.0,1113.0,0,1,2,1
1072.0,1113.0,0,1,2,1
1074.0,1113.0,0,1,2,1
1076.0,1113.0,0,1,2,1
1078.0,1113.0,0,1,2,1
1079.0,1113.0,0,1,2,1
1080.0,1113.0,0,1,2,1
1082.0,1113.0,0,1,2,1
1083.0,1113.0,0,1,2,1
1084.0,1113.0,0,1,2,1
1086.0,1113.0,0,1,2,1
1087.0,1113.0,0,1,2,1
1088.0,1113.0,0,1,2,1
1089.0,1113.0,0,1,2,1
1090.0,1113.0,0,1,2,1
1092.0,1113.0,0,1,2,1
1093.0,1113.0,0,1,2,1
1097.0,1113.0,0,1,2,1
1100.0,1113.0,0,1,2,1
1102.0,1113.0,0,1,2,1
1103.0,1113.0,0,1,2,1
1104.0,1113.0,0,1,2,1
1106.0,1113.0,0,1,2,1
1108.0,1113.0,0,1,2,1
1109.0,1113.0,0,1,2,1
1110.0,1113.0,0,1,2,1
1111.0,1113.0,0,1,2,1
1112.0,1113.0,0,1,2,1
1113.0,1113.0,0,1,2,1
1114.0,1113.0,0,1,2,1
1115.0,1113.0,0,1,2,1
1116.0,1113.0,0,1,2,1
1117.0,1113.0,0,1,2,1
1120.0,1113.0,0,1,2,1
1121.0,1113.0,0,1,2,1
1122.0,1113.0,0,1,2,1
1124.0,1113.0,0,1,2,1
1125.0,1113.0,0,1,2,1
1126.0,1113.0,0,1,2,1
1127.0,1113.0,0,1,2,1
1128.0,1113.0,0,1,2,1
1129.0,1113.0,0,1,2,1
1130.0,1113.0,0,1,2,1
1131.0,1113.0,0,1,2,1
1132.0,1113.0,0,1,2,1
1134.0,1113.0,0,1,2,1
1135.0,1113.0,0,1,2,1
1136.0,1113.0,0,1,2,1
1137.0,1113.0,0,1,2,1
1138.0,1113.0,0,1,2,1
1139.0,1113.0,0,1,2,1
1140.0,1113.0,0,1,2,1
1141.0,1113.0,0,1,2,1
1142.0,1113.0,0,1,2,1
1143.0,1113.0,0,1,2,1
1144.0,1113.0,0,1,2,1
51,55,52,56,2
51,85,52,86,2
51,61,52,62,2
51,61,52,62,2
1032.0,1223.0,0,1,2,1
1032.0,1222.0,0,1,2,1
1032.0,1221.0,0,1,2,1
1032.0,1220.0,0,1,2,1
1032.0,1219.0,0,1,2,1
1032.0,1217.0,0,1,2,1
1032.0,1215.0,0,1,2,1
1032.0,1211.0,0,1,2,1
1032.0,1210.0,0,1,2,1
1032.0,1209.0,0,1,2,1
1032.0,1208.0,0,1,2,1
1032.0,1206.0,0,1,2,1
1032.0,1204.0,0,1,2,1
1032.0,1203.0,0,1,2,1
1032.0,1201.0,0,1,2,1
1032.0,1200.0,0,1,2,1
1032.0,1199.0,0,1,2,1
1032.0,1198.0,0,1,2,1
1032.0,1197.0,0,1,2,1
1032.0,1196.0,0,1,2,1
1032.0,1195.0,0,1,2,1
1032.0,1193.0,0,1,2,1
1032.0,1192.0,0,1,2,1
1032.0,1191.0,0,1,2,1
1032.0,1189.0,0,1,2,1
1032.0,1188.0,0,1,2,1
1032.0,1168.0,0,1,2,1
1032.0,1148.0,0,1,2,1
1032.0,1128.0,0,1,2,1
1032.0,1108.0,0,1,2,1
1032.0,1088.0,0,1,2,1
1032.0,1068.0,0,1,2,1
1032.0,1048.0,0,1,2,1
1032.0,1047.0,0,1,2,1
51,85,52,86,2
1032.0,1548.0,0,1,2,1
1032.0,1550.0,0,1,2,1
1032.0,1549.0,0,1,2,1
1032.0,1548.0,0,1,2,1
1032.0,1547.0,0,1,2,1
1032.0,1545.0,0,1,2,1
1032.0,1544.0,0,1,2,1
1031.0,1542.0,0,1,2,1
1031.0,1543.0,0,1,2,1
1031.0,1545.0,0,1,2,1
1031.0,1547.0,0,1,2,1
1031.0,1549.0,0,1,2,1
1031.0,1550.0,0,1,2,1
1031.0,1551.0,0,1,2,1
1031.0,1553.0,0,1,2,1
1031.0,1555.0,0,1,2,1
1031.0,1556.0,0,1,2,1
1031.0,1557.0,0,1,2,1
1031.0,1558.0,0,1,2,1
1031.0,1559.0,0,1,2,1
1030.0,1562.0,0,1,2,1
1030.0,1563.0,0,1,2,1
1030.0,1564.0,0,1,2,1
1029.0,1566.0,0,1,2,1
1029.0,1567.0,0,1,2,1
1029.0,1568.0,0,1,2,1
1029.0,1569.0,0,1,2,1
1029.0,1570.0,0,1,2,1
1029.0,1590.0,0,1,2,1
1029.0,1610.0,0,1,2,1
1029.0,1630.0,0,1,2,1
1029.0,1650.0,0,1,2,1
1029.0,1670.0,0,1,2,1
1029.0,1690.0,0,1,2,1
1029.0,1710.0,0,1,2,1
1029.0,1730.0,0,1,2,1
1029.0,1750.0,0,1,2,1
1029.0,1770.0,0,1,2,1
1029.0,1790.0,0,1,2,1
1029.0,1810.0,0,1,2,1
1029.0,1830.0,0,1,2,1
1029.0,1850.0,0,1,2,1
1029.0,1870.0,0,1,2,1
1029.0,1850.0,0,1,2,1
1029.0,1830.0,0,1,2,1
1029.0,1810.0,0,1,2,1
1029.0,1790.0,0,1,2,1
1029.0,1770.0,0,1,2,1
1029.0,1750.0,0,1,2,1
1029.0,1730.0,0,1,2,1
1029.0,1710.0,0,1,2,1
1029.0,1690.0,0,1,2,1
1029.0,1670.0,0,1,2,1
1029.0,1650.0,0,1,2,1
1029.0,1630.0,0,1,2,1
1029.0,1610.0,0,1,2,1
1029.0,1590.0,0,1,2,1
1029.0,1570.0,0,1,2,1
1029.0,1550.0,0,1,2,1
1029.0,1530.0,0,1,2,1
1029.0,1510.0,0,1,2,1
1029.0,1490.0,0,1,2,1
1029.0,1470.0,0,1,2,1
1029.0,1450.0,0,1,2,1
1029.0,1430.0,0,1,2,1
1029.0,1410.0,0,1,2,1
1029.0,1390.0,0,1,2,1
1029.0,1370.0,0,1,2,1
1029.0,1350.0,0,1,2,1
1029.0,1330.0,0,1,2,1
1029.0,1310.0,0,1,2,1
1029.0,1290.0,0,1,2,1
1029.0,1270.0,0,1,2,1
1029.0,1250.0,0,1,2,1
1029.0,1230.0,0,1,2,1
1029.0,1210.0,0,1,2,1
1048.0,1036.0,0,1,0,1
1047.0,1037.0,0,1,0,1
1046.0,1039.0,0,1,0,1
1045.0,1043.0,0,1,0,1
1045.0,1045.0,0,1,0,1
1045.0,1049.0,0,1,0,1
1045.0,1051.0,0,1,0,1
1044.0,1053.0,0,1,0,1
1043.0,1055.0,0,1,0,1
1042.0,1057.0,0,1,0,1
1042.0,1060.0,0,1,0,1
1042.0,1061.0,0,1,0,1
1042.0,1063.0,0,1,0,1
1042.0,1064.0,0,1,0,1
1041.0,1064.0,0,1,0,1
1040.0,1064.0,0,1,0,1
1039.0,1064.0,0,1,0,1
1038.0,1065.0,0,1,0,1
1036.0,1066.0,0,1,0,1
1034.0,1066.0,0,1,0,1
1033.0,1066.0,0,1,0,1
1032.0,1066.0,0,1,0,1
1031.0,1066.0,0,1,0,1
1031.0,1065.0,0,1,0,1
1031.0,1063.0,0,1,0,1
1031.0,1059.0,0,1,0,1
1031.0,1058.0,0,1,0,1
1031.0,1057.0,0,1,0,1
1031.0,1055.0,0,1,0,1
1031.0,1053.0,0,1,0,1
1031.0,1051.0,0,1,0,1
1031.0,1049.0,0,1,0,1
1031.0,1050.0,0,1,0,1
1031.0,1052.0,0,1,0,1
1031.0,1053.0,0,1,0,1
1031.0,1054.0,0,1,0,1
1031.0,1056.0,0,1,0,1
1031.0,1058.0,0,1,0,1
1031.0,1059.0,0,1,0,1
1030.0,1060.0,0,1,0,1
1030.0,1061.0,0,1,0,1
1030.0,1062.0,0,1,0,1
1030.0,1063.0,0,1,0,1
1029.0,1063.0,0,1,0,1
1029.0,1064.0,0,1,0,1
1029.0,1065.0,0,1,0,1
1028.0,1067.0,0,1,0,1
1027.0,1068.0,0,1,0,1
1027.0,1070.0,0,1,0,1
1027.0,1071.0,0,1,0,1
1027.0,1073.0,0,1,0,1
1025.0,1075.0,0,1,0,1
1025.0,1077.0,0,1,0,1
1025.0,1078.0,0,1,0,1
1024.0,1079.0,0,1,0,1
1024.0,1080.0,0,1,0,1
1024.0,1082.0,0,1,0,1
1024.0,1084.0,0,1,0,1
1023.0,1084.0,0,1,0,1
1023.0,1085.0,0,1,0,1
1023.0,1086.0,0,1,0,1
1023.0,1087.0,0,1,0,1
1023.0,1088.0,0,1,0,1
1023.0,1089.0,0,1,0,1
1025.0,1890.0,0,1,1,1
1025.0,1887.0,0,1,1,1
1025.0,1884.0,0,1,1,1
1026.0,1878.0,0,1,1,1
1026.0,1874.0,0,1,1,1
1026.0,1868.0,0,1,1,1
1026.0,1862.0,0,1,1,1
1026.0,1859.0,0,1,1,1
1026.0,1853.0,0,1,1,1
1026.0,1848.0,0,1,1,1
1026.0,1842.0,0,1,1,1
1026.0,1836.0,0,1,1,1
1026.0,1830.0,0,1,1,1
1026.0,1825.0,0,1,1,1
1026.0,1822.0,0,1,1,1
1026.0,1819.0,0,1,1,1
1026.0,1814.0,0,1,1,1
1026.0,1811.0,0,1,1,1
1026.0,1807.0,0,1,1,1
1026.0,1804.0,0,1,1,1
1026.0,1801.0,0,1,1,1
1026.0,1798.0,0,1,1,1
1026.0,1795.0,0,1,1,1
1026.0,1791.0,0,1,1,1
1026.0,1789.0,0,1,1,1
1026.0,1787.0,0,1,1,1
1026.0,1784.0,0,1,1,1
1026.0,1782.0,0,1,1,1
1026.0,1777.0,0,1,1,1
1026.0,1774.0,0,1,1,1
1026.0,1772.0,0,1,1,1
1026.0,1771.0,0,1,1,1
1026.0,1770.0,0,1,1,1
1026.0,1768.0,0,1,1,1
1026.0,1765.0,0,1,1,1
1026.0,1764.0,0,1,1,1
1026.0,1763.0,0,1,1,1
1026.0,1761.0,0,1,1,1
1026.0,1759.0,0,1,1,1
1026.0,1758.0,0,1,1,1
1026.0,1756.0,0,1,1,1
1027.0,1754.0,0,1,1,1
1027.0,1753.0,0,1,1,1
1027.0,1751.0,0,1,1,1
1027.0,1750.0,0,1,1,1
1027.0,1749.0,0,1,1,1
1027.0,1748.0,0,1,1,1
1027.0,1747.0,0,1,1,1
1027.0,1746.0,0,1,1,1
1027.0,1745.0,0,1,1,1
1028.0,1745.0,0,1,1,1
1029.0,1743.0,0,1,1,1
1029.0,1742.0,0,1,1,1
1029.0,1741.0,0,1,1,1
1029.0,1740.0,0,1,1,1
1029.0,1739.0,0,1,1,1
1030.0,1739.0,0,1,1,1
1030.0,1738.0,0,1,1,1
1031.0,1737.0,0,1,1,1
1031.0,1736.0,0,1,1,1
1031.0,1735.0,0,1,1,1
1031.0,1733.0,0,1,1,1
1167.0,1105.0,0,1,1,1
1167.0,1104.0,0,1,1,1
1168.0,1102.0,0,1,1,1
1169.0,1100.0,0,1,1,1
1170.0,1100.0,0,1,1,1
1171.0,1098.0,0,1,1,1
1171.0,1097.0,0,1,1,1
1171.0,1096.0,0,1,1,1
1172.0,1096.0,0,1,1,1
1172.0,1093.0,0,1,1,1
1172.0,1092.0,0,1,1,1
1172.0,1091.0,0,1,1,1
1172.0,1088.0,0,1,1,1
1172.0,1086.0,0,1,1,1
1172.0,1083.0,0,1,1,1
1172.0,1079.0,0,1,1,1
1172.0,1077.0,0,1,1,1
1172.0,1075.0,0,1,1,1
1172.0,1073.0,0,1,1,1
1172.0,1071.0,0,1,1,1
1172.0,1067.0,0,1,1,1
1172.0,1064.0,0,1,1,1
1172.0,1062.0,0,1,1,1
1173.0,1060.0,0,1,1,1
1173.0,1059.0,0,1,1,1
1173.0,1058.0,0,1,1,1
1173.0,1054.0,0,1,1,1
1173.0,1053.0,0,1,1,1
1173.0,1050.0,0,1,1,1
1173.0,1048.0,0,1,1,1
1173.0,1028.0,0,1,1,1
1173.0,1027.0,0,1,1,1
1173.0,1007.0,0,1,1,1
1173.0,1006.0,0,1,1,1
1173.0,1003.0,0,1,1,1
1173.0,983.0,0,1,1,1
1173.0,981.0,0,1,1,1
1173.0,980.0,0,1,1,1
1173.0,960.0,0,1,1,1
1173.0,959.0,0,1,1,1
1173.0,957.0,0,1,1,1
1173.0,937.0,0,1,1,1
1173.0,936.0,0,1,1,1
1173.0,935.0,0,1,1,1
1173.0,915.0,0,1,1,1
1173.0,913.0,0,1,1,1
1173.0,911.0,0,1,1,1
1173.0,891.0,0,1,1,1
1173.0,889.0,0,1,1,1
1173.0,869.0,0,1,1,1
1173.0,868.0,0,1,1,1
1173.0,867.0,0,1,1,1
1173.0,847.0,0,1,1,1
1173.0,846.0,0,1,1,1
1173.0,845.0,0,1,1,1
1173.0,825.0,0,1,1,1
1173.0,824.0,0,1,1,1
1173.0,823.0,0,1,1,1
1173.0,803.0,0,1,1,1
1173.0,802.0,0,1,1,1
1173.0,801.0,0,1,1,1
1173.0,781.0,0,1,1,1
1173.0,761.0,0,1,1,1
1173.0,741.0,0,1,1,1
1173.0,721.0,0,1,1,1
1173.0,701.0,0,1,1,1
1173.0,681.0,0,1,1,1
1173.0,661.0,0,1,1,1
1173.0,641.0,0,1,1,1
1173.0,621.0,0,1,1,1
1173.0,601.0,0,1,1,1
1173.0,581.0,0,1,1,1
1173.0,561.0,0,1,1,1
1173.0,541.0,0,1,1,1
1173.0,521.0,0,1,1,1
1173.0,501.0,0,1,1,1
1173.0,481.0,0,1,1,1
1173.0,461.0,0,1,1,1
1173.0,441.0,0,1,1,1
1173.0,421.0,0,1,1,1
1173.0,401.0,0,1,1,1
1173.0,381.0,0,1,1,1
1173.0,361.0,0,1,1,1
1173.0,341.0,0,1,1,1
1173.0,321.0,0,1,1,1
1173.0,301.0,0,1,1,1
1173.0,281.0,0,1,1,1
1173.0,261.0,0,1,1,1
1173.0,241.0,0,1,1,1
1173.0,221.0,0,1,1,1
1173.0,201.0,0,1,1,1
1173.0,181.0,0,1,1,1
1173.0,161.0,0,1,1,1
1173.0,141.0,0,1,1,1
1173.0,140.0,0,1,1,1
1173.0,139.0,0,1,1,1
1173.0,137.0,0,1,1,1
1173.0,135.0,0,1,1,1
1174.0,129.0,0,1,1,1
1174.0,126.0,0,1,1,1
1175.0,124.0,0,1,1,1
1175.0,120.0,0,1,1,1
1175.0,118.0,0,1,1,1
1175.0,116.0,0,1,1,1
1175.0,113.0,0,1,1,1
1175.0,111.0,0,1,1,1
1175.0,109.0,0,1,1,1
1176.0,108.0,0,1,1,1
1176.0,106.0,0,1,1,1
1176.0,104.0,0,1,1,1
1177.0,103.0,0,1,1,1
1178.0,102.0,0,1,1,1
1179.0,102.0,0,1,1,1
1180.0,102.0,0,1,1,1
1181.0,102.0,0,1,1,1
1183.0,102.0,0,1,1,1
1184.0,102.0,0,1,1,1
1185.0,102.0,0,1,1,1
1186.0,102.0,0,1,1,1
1188.0,104.0,0,1,1,1
1188.0,105.0,0,1,1,1
1190.0,107.0,0,1,1,1
1191.0,108.0,0,1,1,1
1192.0,110.0,0,1,1,1
1194.0,112.0,0,1,1,1
1194.0,132.0,0,1,1,1
1194.0,133.0,0,1,1,1
1194.0,153.0,0,1,1,1
1194.0,154.0,0,1,1,1
1194.0,174.0,0,1,1,1
1194.0,175.0,0,1,1,1
1194.0,176.0,0,1,1,1
1194.0,196.0,0,1,1,1
1194.0,198.0,0,1,1,1
1194.0,218.0,0,1,1,1
1194.0,238.0,0,1,1,1
1194.0,239.0,0,1,1,1
1194.0,259.0,0,1,1,1
1194.0,279.0,0,1,1,1
1194.0,299.0,0,1,1,1
1194.0,319.0,0,1,1,1
1194.0,339.0,0,1,1,1
1194.0,359.0,0,1,1,1
1194.0,379.0,0,1,1,1
1194.0,399.0,0,1,1,1
1194.0,419.0,0,1,1,1
1194.0,439.0,0,1,1,1
1194.0,459.0,0,1,1,1
1194.0,479.0,0,1,1,1
1194.0,499.0,0,1,1,1
1194.0,519.0,0,1,1,1
1194.0,539.0,0,1,1,1
1194.0,559.0,0,1,1,1
1194.0,579.0,0,1,1,1
1194.0,599.0,0,1,1,1
1194.0,619.0,0,1,1,1
1194.0,639.0,0,1,1,1
1194.0,659.0,0,1,1,1
1194.0,679.0,0,1,1,1
1194.0,699.0,0,1,1,1
1194.0,719.0,0,1,1,1
1194.0,739.0,0,1,1,1
1194.0,759.0,0,1,1,1
1194.0,779.0,0,1,1,1
1194.0,799.0,0,1,1,1
1194.0,819.0,0,1,1,1
1194.0,839.0,0,1,1,1
1194.0,859.0,0,1,1,1
1194.0,879.0,0,1,1,1
1194.0,899.0,0,1,1,1
1194.0,919.0,0,1,1,1
1194.0,939.0,0,1,1,1
1194.0,959.0,0,1,1,1
1194.0,979.0,0,1,1,1
1194.0,999.0,0,1,1,1
1194.0,1019.0,0,1,1,1
1194.0,1039.0,0,1,1,1
1194.0,1059.0,0,1,1,1
1194.0,1079.0,0,1,1,1
1194.0,1099.0,0,1,1,1
1194.0,1119.0,0,1,1,1
1194.0,1139.0,0,1,1,1
1194.0,1159.0,0,1,1,1
1194.0,1179.0,0,1,1,1
1194.0,1199.0,0,1,1,1
1194.0,1219.0,0,1,1,1
1194.0,1239.0,0,1,1,1
1016.0,1712.0,0,1,2,1
1013.0,1712.0,0,1,2,1
1010.0,1710.0,0,1,2,1
1007.0,1710.0,0,1,2,1
1001.0,1710.0,0,1,2,1
998.0,1710.0,0,1,2,1
995.0,1709.0,0,1,2,1
993.0,1709.0,0,1,2,1
991.0,1709.0,0,1,2,1
988.0,1709.0,0,1,2,1
986.0,1708.0,0,1,2,1
985.0,1708.0,0,1,2,1
984.0,1708.0,0,1,2,1
983.0,1708.0,0,1,2,1
981.0,1708.0,0,1,2,1
979.0,1708.0,0,1,2,1
977.0,1708.0,0,1,2,1
976.0,1708.0,0,1,2,1
974.0,1708.0,0,1,2,1
973.0,1708.0,0,1,2,1
972.0,1707.0,0,1,2,1
971.0,1707.0,0,1,2,1
970.0,1707.0,0,1,2,1
969.0,1707.0,0,1,2,1
968.0,1707.0,0,1,2,1
967.0,1707.0,0,1,2,1
966.0,1707.0,0,1,2,1
965.0,1707.0,0,1,2,1
964.0,1707.0,0,1,2,1
963.0,1707.0,0,1,2,1
962.0,1707.0,0,1,2,1
960.0,1707.0,0,1,2,1
957.0,1707.0,0,1,2,1
956.0,1709.0,0,1,2,1
955.0,1709.0,0,1,2,1
954.0,1710.0,0,1,2,1
953.0,1710.0,0,1,2,1
952.0,1711.0,0,1,2,1
951.0,1711.0,0,1,2,1
950.0,1711.0,0,1,2,1
949.0,1712.0,0,1,2,1
948.0,1712.0,0,1,2,1
947.0,1713.0,0,1,2,1
946.0,1713.0,0,1,2,1
945.0,1713.0,0,1,2,1
945.0,1714.0,0,1,2,1
944.0,1714.0,0,1,2,1
943.0,1716.0,0,1,2,1
942.0,1716.0,0,1,2,1
941.0,1716.0,0,1,2,1
941.0,1717.0,0,1,2,1
940.0,1717.0,0,1,2,1
939.0,1717.0,0,1,2,1
938.0,1718.0,0,1,2,1
937.0,1718.0,0,1,2,1
936.0,1718.0,0,1,2,1
935.0,1718.0,0,1,2,1
934.0,1718.0,0,1,2,1
933.0,1719.0,0,1,2,1
932.0,1720.0,0,1,2,1
932.0,1721.0,0,1,2,1
932.0,1723.0,0,1,2,1
932.0,1724.0,0,1,2,1
932.0,1726.0,0,1,2,1
931.0,1728.0,0,1,2,1
930.0,1729.0,0,1,2,1
930.0,1730.0,0,1,2,1
930.0,1731.0,0,1,2,1
930.0,1732.0,0,1,2,1
930.0,1733.0,0,1,2,1
930.0,1734.0,0,1,2,1
930.0,1754.0,0,1,2,1
930.0,1774.0,0,1,2,1
930.0,1794.0,0,1,2,1
930.0,1814.0,0,1,2,1
930.0,1834.0,0,1,2,1
930.0,1854.0,0,1,2,1
930.0,1874.0,0,1,2,1
930.0,1894.0,0,1,2,1
930.0,1914.0,0,1,2,1
930.0,1934.0,0,1,2,1
930.0,1954.0,0,1,2,1
930.0,1974.0,0,1,2,1
930.0,1994.0,0,1,2,1
930.0,2014.0,0,1,2,1
930.0,2034.0,0,1,2,1
930.0,2054.0,0,1,2,1
930.0,2074.0,0,1,2,1
930.0,2094.0,0,1,2,1
930.0,2114.0,0,1,2,1
930.0,2134.0,0,1,2,1
930.0,2154.0,0,1,2,1
930.0,2174.0,0,1,2,1
930.0,2194.0,0,1,2,1
930.0,2214.0,0,1,2,1
930.0,2234.0,0,1,2,1
930.0,2254.0,0,1,2,1
930.0,2274.0,0,1,2,1
930.0,2294.0,0,1,2,1
930.0,2314.0,0,1,2,1
930.0,2334.0,0,1,2,1
930.0,2354.0,0,1,2,1
930.0,2374.0,0,1,2,1
930.0,2394.0,0,1,2,1
930.0,2414.0,0,1,2,1
930.0,2434.0,0,1,2,1
919.0,2397.0,0,1,2,1
918.0,2397.0,0,1,2,1
917.0,2397.0,0,1,2,1
916.0,2397.0,0,1,2,1
915.0,2397.0,0,1,2,1
914.0,2397.0,0,1,2,1
912.0,2397.0,0,1,2,1
911.0,2397.0,0,1,2,1
909.0,2397.0,0,1,2,1
908.0,2397.0,0,1,2,1
907.0,2397.0,0,1,2,1
907.0,2398.0,0,1,2,1
907.0,2399.0,0,1,2,1
906.0,2401.0,0,1,2,1
906.0,2403.0,0,1,2,1
906.0,2404.0,0,1,2,1
906.0,2405.0,0,1,2,1
906.0,2406.0,0,1,2,1
906.0,2409.0,0,1,2,1
906.0,2430.0,0,1,2,1
906.0,2430.0,0,1,2,1
906.0,2450.0,0,1,2,1
906.0,2470.0,0,1,2,1
906.0,2490.0,0,1,2,1
906.0,2510.0,0,1,2,1
906.0,2530.0,0,1,2,1
906.0,2550.0,0,1,2,1
906.0,2570.0,0,1,2,1
906.0,2590.0,0,1,2,1
906.0,2610.0,0,1,2,1
906.0,2630.0,0,1,2,1
906.0,2650.0,0,1,2,1
906.0,2670.0,0,1,2,1
906.0,2690.0,0,1,2,1
906.0,2710.0,0,1,2,1
906.0,2730.0,0,1,2,1
906.0,2750.0,0,1,2,1
906.0,2770.0,0,1,2,1
906.0,2790.0,0,1,2,1
906.0,2810.0,0,1,2,1
906.0,2830.0,0,1,2,1
906.0,2850.0,0,1,2,1
906.0,2870.0,0,1,2,1
906.0,2890.0,0,1,2,1
906.0,2910.0,0,1,2,1
906.0,2930.0,0,1,2,1
906.0,2950.0,0,1,2,1
906.0,2970.0,0,1,2,1
906.0,2990.0,0,1,2,1
906.0,3010.0,0,1,2,1
906.0,3030.0,0,1,2,1
906.0,3050.0,0,1,2,1
906.0,3070.0,0,1,2,1
906.0,3090.0,0,1,2,1
906.0,3110.0,0,1,2,1
906.0,3130.0,0,1,2,1
906.0,3150.0,0,1,2,1
906.0,3170.0,0,1,2,1
906.0,3190.0,0,1,2,1
906.0,3210.0,0,1,2,1
906.0,3230.0,0,1,2,1
906.0,3250.0,0,1,2,1
906.0,3270.0,0,1,2,1
906.0,3290.0,0,1,2,1
906.0,3310.0,0,1,2,1
906.0,3330.0,0,1,2,1
906.0,3350.0,0,1,2,1
906.0,3370.0,0,1,2,1
906.0,3390.0,0,1,2,1
906.0,3410.0,0,1,2,1
906.0,3430.0,0,1,2,1
906.0,3431.0,0,1,2,1
907.0,3328.0,0,1,0,1
907.0,3329.0,0,1,0,1
907.0,3331.0,0,1,0,1
907.0,3332.0,0,1,0,1
907.0,3334.0,0,1,0,1
907.0,3335.0,0,1,0,1
907.0,3336.0,0,1,0,1
907.0,3339.0,0,1,0,1
912.0,3381.0,0,1,0,1
912.0,3382.0,0,1,0,1
912.0,3383.0,0,1,0,1
911.0,3388.0,0,1,0,1
911.0,3390.0,0,1,0,1
910.0,3395.0,0,1,0,1
909.0,3400.0,0,1,0,1
908.0,3405.0,0,1,0,1
908.0,3408.0,0,1,0,1
907.0,3412.0,0,1,0,1
907.0,3414.0,0,1,0,1
906.0,3417.0,0,1,0,1
906.0,3418.0,0,1,0,1
906.0,3419.0,0,1,0,1
906.0,3420.0,0,1,0,1
906.0,3421.0,0,1,0,1
906.0,3422.0,0,1,0,1
906.0,3423.0,0,1,0,1
906.0,3424.0,0,1,0,1
907.0,3424.0,0,1,0,1
911.0,3327.0,0,1,2,1
910.0,3327.0,0,1,2,1
910.0,3328.0,0,1,2,1
910.0,3329.0,0,1,2,1
909.0,3331.0,0,1,2,1
908.0,3333.0,0,1,2,1
908.0,3335.0,0,1,2,1
907.0,3336.0,0,1,2,1
907.0,3338.0,0,1,2,1
907.0,3339.0,0,1,2,1
907.0,3341.0,0,1,2,1
907.0,3343.0,0,1,2,1
907.0,3344.0,0,1,2,1
907.0,3347.0,0,1,2,1
907.0,3348.0,0,1,2,1
907.0,3349.0,0,1,2,1
907.0,3350.0,0,1,2,1
907.0,3352.0,0,1,2,1
907.0,3354.0,0,1,2,1
907.0,3355.0,0,1,2,1
907.0,3356.0,0,1,2,1
907.0,3359.0,0,1,2,1
907.0,3362.0,0,1,2,1
907.0,3363.0,0,1,2,1
907.0,3365.0,0,1,2,1
907.0,3366.0,0,1,2,1
907.0,3369.0,0,1,2,1
907.0,3371.0,0,1,2,1
907.0,3372.0,0,1,2,1
907.0,3374.0,0,1,2,1
907.0,3377.0,0,1,2,1
907.0,3379.0,0,1,2,1
907.0,3381.0,0,1,2,1
907.0,3384.0,0,1,2,1
907.0,3385.0,0,1,2,1
907.0,3386.0,0,1,2,1
907.0,3387.0,0,1,2,1
907.0,3388.0,0,1,2,1
907.0,3389.0,0,1,2,1
907.0,3390.0,0,1,2,1
907.0,3391.0,0,1,2,1
907.0,3393.0,0,1,2,1
908.0,3393.0,0,1,2,1
909.0,3393.0,0,1,2,1
910.0,3393.0,0,1,2,1
912.0,3393.0,0,1,2,1
913.0,3392.0,0,1,2,1
914.0,3392.0,0,1,2,1
916.0,3392.0,0,1,2,1
918.0,3392.0,0,1,2,1
920.0,3392.0,0,1,2,1
923.0,3392.0,0,1,2,1
925.0,3392.0,0,1,2,1
926.0,3392.0,0,1,2,1
927.0,3392.0,0,1,2,1
929.0,3392.0,0,1,2,1
931.0,3392.0,0,1,2,1
933.0,3392.0,0,1,2,1
935.0,3392.0,0,1,2,1
937.0,3392.0,0,1,2,1
938.0,3392.0,0,1,2,1
940.0,3392.0,0,1,2,1
942.0,3392.0,0,1,2,1
944.0,3392.0,0,1,2,1
946.0,3392.0,0,1,2,1
947.0,3392.0,0,1,2,1
949.0,3392.0,0,1,2,1
951.0,3392.0,0,1,2,1
952.0,3392.0,0,1,2,1
953.0,3392.0,0,1,2,1
955.0,3392.0,0,1,2,1
958.0,3392.0,0,1,2,1
962.0,3392.0,0,1,2,1
965.0,3392.0,0,1,2,1
968.0,3392.0,0,1,2,1
972.0,3392.0,0,1,2,1
975.0,3392.0,0,1,2,1
979.0,3392.0,0,1,2,1
982.0,3392.0,0,1,2,1
986.0,3392.0,0,1,2,1
988.0,3392.0,0,1,2,1
992.0,3392.0,0,1,2,1
997.0,3392.0,0,1,2,1
1001.0,3392.0,0,1,2,1
1004.0,3392.0,0,1,2,1
1009.0,3393.0,0,1,2,1
1012.0,3393.0,0,1,2,1
1014.0,3394.0,0,1,2,1
1017.0,3395.0,0,1,2,1
1019.0,3395.0,0,1,2,1
1022.0,3395.0,0,1,2,1
1025.0,3395.0,0,1,2,1
1028.0,3395.0,0,1,2,1
1031.0,3395.0,0,1,2,1
1033.0,3395.0,0,1,2,1
1034.0,3395.0,0,1,2,1
1036.0,3395.0,0,1,2,1
1038.0,3395.0,0,1,2,1
1039.0,3395.0,0,1,2,1
1040.0,3395.0,0,1,2,1
1041.0,3395.0,0,1,2,1
1043.0,3395.0,0,1,2,1
1045.0,3395.0,0,1,2,1
1046.0,3395.0,0,1,2,1
1048.0,3395.0,0,1,2,1
1049.0,3395.0,0,1,2,1
1050.0,3395.0,0,1,2,1
1051.0,3395.0,0,1,2,1
1052.0,3395.0,0,1,2,1
1055.0,3395.0,0,1,2,1
1057.0,3395.0,0,1,2,1
1058.0,3395.0,0,1,2,1
1060.0,3395.0,0,1,2,1
1062.0,3395.0,0,1,2,1
1065.0,3395.0,0,1,2,1
1068.0,3395.0,0,1,2,1
1071.0,3395.0,0,1,2,1
1074.0,3395.0,0,1,2,1
1078.0,3395.0,0,1,2,1
1081.0,3395.0,0,1,2,1
1084.0,3396.0,0,1,2,1
1088.0,3396.0,0,1,2,1
1094.0,3396.0,0,1,2,1
1097.0,3396.0,0,1,2,1
1100.0,3396.0,0,1,2,1
1102.0,3396.0,0,1,2,1
1107.0,3396.0,0,1,2,1
1110.0,3397.0,0,1,2,1
1114.0,3397.0,0,1,2,1
1117.0,3397.0,0,1,2,1
1123.0,3397.0,0,1,2,1
1128.0,3397.0,0,1,2,1
1131.0,3397.0,0,1,2,1
1135.0,3397.0,0,1,2,1
1140.0,3397.0,0,1,2,1
1144.0,3397.0,0,1,2,1
1149.0,3397.0,0,1,2,1
1152.0,3397.0,0,1,2,1
1155.0,3397.0,0,1,2,1
1156.0,3397.0,0,1,2,1
1160.0,3397.0,0,1,2,1
1161.0,3397.0,0,1,2,1
1164.0,3397.0,0,1,2,1
1165.0,3397.0,0,1,2,1
1166.0,3397.0,0,1,2,1
1168.0,3397.0,0,1,2,1
1169.0,3397.0,0,1,2,1
1170.0,3397.0,0,1,2,1
1171.0,3397.0,0,1,2,1
1174.0,3397.0,0,1,2,1
1175.0,3397.0,0,1,2,1
1177.0,3397.0,0,1,2,1
1179.0,3397.0,0,1,2,1
1181.0,3397.0,0,1,2,1
1184.0,3397.0,0,1,2,1
1185.0,3397.0,0,1,2,1
1186.0,3397.0,0,1,2,1
1187.0,3397.0,0,1,2,1
1190.0,3397.0,0,1,2,1
1191.0,3397.0,0,1,2,1
1192.0,3397.0,0,1,2,1
1194.0,3397.0,0,1,2,1
1196.0,3397.0,0,1,2,1
1197.0,3397.0,0,1,2,1
1198.0,3397.0,0,1,2,1
1201.0,3397.0,0,1,2,1
1202.0,3397.0,0,1,2,1
1205.0,3397.0,0,1,2,1
1207.0,3397.0,0,1,2,1
1208.0,3397.0,0,1,2,1
1211.0,3397.0,0,1,2,1
1213.0,3397.0,0,1,2,1
1215.0,3397.0,0,1,2,1
1216.0,3397.0,0,1,2,1
1219.0,3397.0,0,1,2,1
1221.0,3397.0,0,1,2,1
1222.0,3397.0,0,1,2,1
1223.0,3397.0,0,1,2,1
1225.0,3397.0,0,1,2,1
1227.0,3397.0,0,1,2,1
1229.0,3397.0,0,1,2,1
1231.0,3397.0,0,1,2,1
1233.0,3397.0,0,1,2,1
1235.0,3397.0,0,1,2,1
1237.0,3397.0,0,1,2,1
1239.0,3397.0,0,1,2,1
1245.0,3399.0,0,1,2,1
1248.0,3399.0,0,1,2,1
1251.0,3400.0,0,1,2,1
1255.0,3400.0,0,1,2,1
1259.0,3400.0,0,1,2,1
1263.0,3400.0,0,1,2,1
1265.0,3400.0,0,1,2,1
1269.0,3400.0,0,1,2,1
1272.0,3400.0,0,1,2,1
1273.0,3400.0,0,1,2,1
1277.0,3400.0,0,1,2,1
1280.0,3400.0,0,1,2,1
1285.0,3401.0,0,1,2,1
1289.0,3401.0,0,1,2,1
1292.0,3401.0,0,1,2,1
1295.0,3401.0,0,1,2,1
1300.0,3401.0,0,1,2,1
1302.0,3401.0,0,1,2,1
1306.0,3401.0,0,1,2,1
1309.0,3401.0,0,1,2,1
1312.0,3401.0,0,1,2,1
1314.0,3401.0,0,1,2,1
1316.0,3401.0,0,1,2,1
1318.0,3401.0,0,1,2,1
1319.0,3401.0,0,1,2,1
1322.0,3401.0,0,1,2,1
1325.0,3401.0,0,1,2,1
1328.0,3401.0,0,1,2,1
1330.0,3401.0,0,1,2,1
1332.0,3401.0,0,1,2,1
1334.0,3401.0,0,1,2,1
1336.0,3401.0,0,1,2,1
1338.0,3401.0,0,1,2,1
1340.0,3401.0,0,1,2,1
1341.0,3401.0,0,1,2,1
1343.0,3401.0,0,1,2,1
1345.0,3401.0,0,1,2,1
1347.0,3401.0,0,1,2,1
1349.0,3401.0,0,1,2,1
1350.0,3401.0,0,1,2,1
1352.0,3401.0,0,1,2,1
1354.0,3401.0,0,1,2,1
1356.0,3401.0,0,1,2,1
1358.0,3401.0,0,1,2,1
1359.0,3401.0,0,1,2,1
1360.0,3401.0,0,1,2,1
1362.0,3401.0,0,1,2,1
1364.0,3401.0,0,1,2,1
1366.0,3401.0,0,1,2,1
1367.0,3401.0,0,1,2,1
1368.0,3401.0,0,1,2,1
1369.0,3401.0,0,1,2,1
1370.0,3401.0,0,1,2,1
1371.0,3401.0,0,1,2,1
1257.0,3392.0,0,1,2,1
1259.0,3392.0,0,1,2,1
1261.0,3392.0,0,1,2,1
1264.0,3392.0,0,1,2,1
1267.0,3392.0,0,1,2,1
1268.0,3392.0,0,1,2,1
1271.0,3391.0,0,1,2,1
1275.0,3391.0,0,1,2,1
1277.0,3391.0,0,1,2,1
1280.0,3391.0,0,1,2,1
1282.0,3391.0,0,1,2,1
1285.0,3391.0,0,1,2,1
1287.0,3391.0,0,1,2,1
1289.0,3391.0,0,1,2,1
1291.0,3391.0,0,1,2,1
1294.0,3391.0,0,1,2,1
1296.0,3391.0,0,1,2,1
1298.0,3391.0,0,1,2,1
1299.0,3391.0,0,1,2,1
1302.0,3391.0,0,1,2,1
1303.0,3391.0,0,1,2,1
1305.0,3391.0,0,1,2,1
1306.0,3391.0,0,1,2,1
1308.0,3391.0,0,1,2,1
1311.0,3391.0,0,1,2,1
1315.0,3391.0,0,1,2,1
1316.0,3391.0,0,1,2,1
1319.0,3391.0,0,1,2,1
1322.0,3391.0,0,1,2,1
1327.0,3392.0,0,1,2,1
1331.0,3393.0,0,1,2,1
1337.0,3395.0,0,1,2,1
1341.0,3395.0,0,1,2,1
1346.0,3395.0,0,1,2,1
1350.0,3395.0,0,1,2,1
1352.0,3396.0,0,1,2,1
1356.0,3396.0,0,1,2,1
1357.0,3396.0,0,1,2,1
1359.0,3396.0,0,1,2,1
1361.0,3396.0,0,1,2,1
1363.0,3396.0,0,1,2,1
1365.0,3396.0,0,1,2,1
1366.0,3396.0,0,1,2,1
1367.0,3396.0,0,1,2,1
1369.0,3396.0,0,1,2,1
1370.0,3396.0,0,1,2,1
1371.0,3396.0,0,1,2,1
1372.0,3396.0,0,1,2,1
1373.0,3396.0,0,1,2,1
1374.0,3397.0,0,1,2,1
1375.0,3397.0,0,1,2,1
1376.0,3397.0,0,1,2,1
1377.0,3397.0,0,1,2,1
1378.0,3397.0,0,1,2,1
1379.0,3397.0,0,1,2,1
1272.0,3407.0,0,1,0,1
1271.0,3407.0,0,1,0,1
1270.0,3407.0,0,1,0,1
1269.0,3407.0,0,1,0,1
1268.0,3407.0,0,1,0,1
1267.0,3407.0,0,1,0,1
1265.0,3407.0,0,1,0,1
1264.0,3407.0,0,1,0,1
1263.0,3407.0,0,1,0,1
1262.0,3407.0,0,1,0,1
1261.0,3407.0,0,1,0,1
1260.0,3407.0,0,1,0,1
1259.0,3407.0,0,1,0,1
1257.0,3407.0,0,1,0,1
1254.0,3407.0,0,1,0,1
1252.0,3407.0,0,1,0,1
1250.0,3407.0,0,1,0,1
1249.0,3407.0,0,1,0,1
1248.0,3407.0,0,1,0,1
1249.0,3407.0,0,1,0,1
1251.0,3407.0,0,1,0,1
1255.0,3407.0,0,1,0,1
1259.0,3407.0,0,1,0,1
1263.0,3407.0,0,1,0,1
1267.0,3407.0,0,1,0,1
1272.0,3407.0,0,1,0,1
1277.0,3407.0,0,1,0,1
1284.0,3407.0,0,1,0,1
1291.0,3407.0,0,1,0,1
1302.0,3407.0,0,1,0,1
1310.0,3407.0,0,1,0,1
1318.0,3407.0,0,1,0,1
1326.0,3407.0,0,1,0,1
1332.0,3409.0,0,1,0,1
1337.0,3410.0,0,1,0,1
1340.0,3410.0,0,1,0,1
1342.0,3410.0,0,1,0,1
1344.0,3410.0,0,1,0,1
1345.0,3410.0,0,1,0,1
1347.0,3410.0,0,1,0,1
1348.0,3410.0,0,1,0,1
1349.0,3410.0,0,1,0,1
1350.0,3410.0,0,1,0,1
1352.0,3410.0,0,1,0,1
1353.0,3410.0,0,1,0,1
1354.0,3410.0,0,1,0,1
1355.0,3410.0,0,1,0,1
1356.0,3410.0,0,1,0,1
1357.0,3410.0,0,1,0,1
1358.0,3410.0,0,1,0,1
1359.0,3410.0,0,1,0,1
1360.0,3410.0,0,1,0,1
1362.0,3410.0,0,1,0,1
1363.0,3411.0,0,1,0,1
1364.0,3411.0,0,1,0,1
1366.0,3411.0,0,1,0,1
1367.0,3411.0,0,1,0,1
1368.0,3412.0,0,1,0,1
1369.0,3412.0,0,1,0,1
1370.0,3412.0,0,1,0,1
1372.0,3412.0,0,1,0,1
1373.0,3412.0,0,1,0,1
1375.0,3412.0,0,1,0,1
1377.0,3412.0,0,1,0,1
1390.0,3392.0,0,1,2,1
1391.0,3392.0,0,1,2,1
1392.0,3391.0,0,1,2,1
1393.0,3391.0,0,1,2,1
1394.0,3391.0,0,1,2,1
1395.0,3391.0,0,1,2,1
1396.0,3391.0,0,1,2,1
1397.0,3391.0,0,1,2,1
1398.0,3391.0,0,1,2,1
1399.0,3391.0,0,1,2,1
1400.0,3391.0,0,1,2,1
1401.0,3391.0,0,1,2,1
1402.0,3391.0,0,1,2,1
1403.0,3391.0,0,1,2,1
1404.0,3391.0,0,1,2,1
1405.0,3391.0,0,1,2,1
1405.0,3393.0,0,1,2,1
1405.0,3394.0,0,1,2,1
1405.0,3397.0,0,1,2,1
1405.0,3398.0,0,1,2,1
1405.0,3399.0,0,1,2,1
1405.0,3400.0,0,1,2,1
1405.0,3401.0,0,1,2,1
1405.0,3402.0,0,1,2,1
1405.0,3403.0,0,1,2,1
1405.0,3404.0,0,1,2,1
1405.0,3406.0,0,1,2,1
1405.0,3407.0,0,1,2,1
1405.0,3408.0,0,1,2,1
1405.0,3409.0,0,1,2,1
1405.0,3411.0,0,1,2,1
1405.0,3412.0,0,1,2,1
1405.0,3415.0,0,1,2,1
1405.0,3418.0,0,1,2,1
1405.0,3419.0,0,1,2,1
1405.0,3420.0,0,1,2,1
1405.0,3422.0,0,1,2,1
1405.0,3423.0,0,1,2,1
1404.0,3424.0,0,1,2,1
1404.0,3425.0,0,1,2,1
1404.0,3427.0,0,1,2,1
1404.0,3430.0,0,1,2,1
1404.0,3431.0,0,1,2,1
1404.0,3434.0,0,1,2,1
1404.0,3435.0,0,1,2,1
1404.0,3437.0,0,1,2,1
1404.0,3439.0,0,1,2,1
1404.0,3440.0,0,1,2,1
1404.0,3442.0,0,1,2,1
1404.0,3443.0,0,1,2,1
1404.0,3445.0,0,1,2,1
1404.0,3446.0,0,1,2,1
1404.0,3447.0,0,1,2,1
1404.0,3448.0,0,1,2,1
1404.0,3449.0,0,1,2,1
1404.0,3450.0,0,1,2,1
1404.0,3451.0,0,1,2,1
1404.0,3452.0,0,1,2,1
1404.0,3453.0,0,1,2,1
1404.0,3454.0,0,1,2,1
1404.0,3455.0,0,1,2,1
1404.0,3456.0,0,1,2,1
1404.0,3457.0,0,1,2,1
1404.0,3458.0,0,1,2,1
1404.0,3459.0,0,1,2,1
1404.0,3460.0,0,1,2,1
1404.0,3461.0,0,1,2,1
891.0,3469.0,0,1,2,1
892.0,3470.0,0,1,2,1
896.0,3471.0,0,1,2,1
898.0,3471.0,0,1,2,1
901.0,3471.0,0,1,2,1
904.0,3471.0,0,1,2,1
908.0,3473.0,0,1,2,1
912.0,3473.0,0,1,2,1
915.0,3473.0,0,1,2,1
918.0,3473.0,0,1,2,1
921.0,3473.0,0,1,2,1
922.0,3474.0,0,1,2,1
924.0,3474.0,0,1,2,1
926.0,3474.0,0,1,2,1
927.0,3474.0,0,1,2,1
928.0,3474.0,0,1,2,1
948.0,3474.0,0,1,2,1
968.0,3474.0,0,1,2,1
988.0,3474.0,0,1,2,1
1008.0,3474.0,0,1,2,1
1028.0,3474.0,0,1,2,1
1048.0,3474.0,0,1,2,1
1068.0,3474.0,0,1,2,1
1088.0,3474.0,0,1,2,1
1108.0,3474.0,0,1,2,1
1128.0,3474.0,0,1,2,1
1148.0,3474.0,0,1,2,1
1168.0,3474.0,0,1,2,1
1188.0,3474.0,0,1,2,1
1208.0,3474.0,0,1,2,1
1228.0,3474.0,0,1,2,1
1248.0,3474.0,0,1,2,1
1268.0,3474.0,0,1,2,1
1288.0,3474.0,0,1,2,1
1308.0,3474.0,0,1,2,1
1328.0,3474.0,0,1,2,1
1348.0,3474.0,0,1,2,1
1368.0,3474.0,0,1,2,1
1388.0,3474.0,0,1,2,1
1408.0,3474.0,0,1,2,1
1428.0,3474.0,0,1,2,1
71,173,72,174,0
1426.0,3466.0,0,1,0,1
71,173,72,174,1
71,173,72,174,1
69,170,70,171,0
1382.0,3413.0,0,1,0,1
1382.0,3414.0,0,1,0,1
1382.0,3415.0,0,1,0,1
1382.0,3416.0,0,1,0,1
1382.0,3417.0,0,1,0,1
1382.0,3418.0,0,1,0,1
1382.0,3419.0,0,1,0,1
1382.0,3420.0,0,1,0,1
1382.0,3422.0,0,1,0,1
1382.0,3423.0,0,1,0,1
1382.0,3424.0,0,1,0,1
1382.0,3425.0,0,1,0,1
1382.0,3426.0,0,1,0,1
1382.0,3427.0,0,1,0,1
1382.0,3428.0,0,1,0,1
1382.0,3429.0,0,1,0,1
1382.0,3430.0,0,1,0,1
1382.0,3431.0,0,1,0,1
1382.0,3433.0,0,1,0,1
1382.0,3434.0,0,1,0,1
1382.0,3435.0,0,1,0,1
1382.0,3437.0,0,1,0,1
1382.0,3438.0,0,1,0,1
1382.0,3439.0,0,1,0,1
1382.0,3440.0,0,1,0,1
1382.0,3441.0,0,1,0,1
1382.0,3442.0,0,1,0,1
1382.0,3443.0,0,1,0,1
1383.0,3443.0,0,1,0,1
1383.0,3442.0,0,1,0,1
1383.0,3440.0,0,1,0,1
1383.0,3439.0,0,1,0,1
1383.0,3438.0,0,1,0,1
1383.0,3436.0,0,1,0,1
1383.0,3433.0,0,1,0,1
1383.0,3430.0,0,1,0,1
1383.0,3428.0,0,1,0,1
1383.0,3426.0,0,1,0,1
932.0,2428.0,0,1,1,1
932.0,2427.0,0,1,1,1
931.0,2426.0,0,1,1,1
931.0,2424.0,0,1,1,1
931.0,2422.0,0,1,1,1
931.0,2421.0,0,1,1,1
931.0,2420.0,0,1,1,1
931.0,2418.0,0,1,1,1
931.0,2417.0,0,1,1,1
931.0,2416.0,0,1,1,1
40,119,41,120,2
57,4,58,5,2
922.0,3393.0,0,1,0,1
925.0,3393.0,0,1,0,1
931.0,3393.0,0,1,0,1
937.0,3394.0,0,1,0,1
945.0,3395.0,0,1,0,1
954.0,3395.0,0,1,0,1
962.0,3395.0,0,1,0,1
970.0,3396.0,0,1,0,1
979.0,3399.0,0,1,0,1
985.0,3399.0,0,1,0,1
991.0,3400.0,0,1,0,1
995.0,3400.0,0,1,0,1
1000.0,3400.0,0,1,0,1
1003.0,3400.0,0,1,0,1
1007.0,3400.0,0,1,0,1
1008.0,3400.0,0,1,0,1
1011.0,3400.0,0,1,0,1
1012.0,3400.0,0,1,0,1
1013.0,3400.0,0,1,0,1
1014.0,3400.0,0,1,0,1
1015.0,3400.0,0,1,0,1
1016.0,3400.0,0,1,0,1
1018.0,3400.0,0,1,0,1
1019.0,3400.0,0,1,0,1
1020.0,3400.0,0,1,0,1
1021.0,3400.0,0,1,0,1
1022.0,3400.0,0,1,0,1
1023.0,3400.0,0,1,0,1
1025.0,3400.0,0,1,0,1
1027.0,3400.0,0,1,0,1
1030.0,3400.0,0,1,0,1
1032.0,3400.0,0,1,0,1
1034.0,3400.0,0,1,0,1
1036.0,3400.0,0,1,0,1
1039.0,3400.0,0,1,0,1
1040.0,3400.0,0,1,0,1
1042.0,3400.0,0,1,0,1
1039.0,3400.0,0,1,0,1
1034.0,3400.0,0,1,0,1
1030.0,3400.0,0,1,0,1
1023.0,3400.0,0,1,0,1
1018.0,3400.0,0,1,0,1
1011.0,3400.0,0,1,0,1
1007.0,3400.0,0,1,0,1
998.0,3400.0,0,1,0,1
992.0,3400.0,0,1,0,1
986.0,3400.0,0,1,0,1
982.0,3400.0,0,1,0,1
978.0,3400.0,0,1,0,1
972.0,3400.0,0,1,0,1
970.0,3400.0,0,1,0,1
965.0,3399.0,0,1,0,1
962.0,3399.0,0,1,0,1
960.0,3399.0,0,1,0,1
959.0,3398.0,0,1,0,1
957.0,3398.0,0,1,0,1
955.0,3398.0,0,1,0,1
953.0,3398.0,0,1,0,1
951.0,3398.0,0,1,0,1
949.0,3397.0,0,1,0,1
947.0,3397.0,0,1,0,1
945.0,3397.0,0,1,0,1
944.0,3396.0,0,1,0,1
941.0,3396.0,0,1,0,1
939.0,3396.0,0,1,0,1
937.0,3396.0,0,1,0,1
935.0,3395.0,0,1,0,1
934.0,3395.0,0,1,0,1
933.0,3395.0,0,1,0,1
931.0,3394.0,0,1,0,1
930.0,3394.0,0,1,0,1
929.0,3394.0,0,1,0,1
928.0,3394.0,0,1,0,1
926.0,3394.0,0,1,0,1
925.0,3394.0,0,1,0,1
924.0,3394.0,0,1,0,1
923.0,3394.0,0,1,0,1
921.0,3394.0,0,1,0,1
920.0,3394.0,0,1,0,1
919.0,3394.0,0,1,0,1
918.0,3394.0,0,1,0,1
917.0,3394.0,0,1,0,1
917.0,3393.0,0,1,0,1
916.0,3393.0,0,1,0,1
915.0,3393.0,0,1,0,1
914.0,3393.0,0,1,0,1
913.0,3393.0,0,1,0,1
912.0,3393.0,0,1,0,1
913.0,3393.0,0,1,0,1
917.0,3393.0,0,1,0,1
923.0,3393.0,0,1,0,1
927.0,3393.0,0,1,0,1
932.0,3393.0,0,1,0,1
939.0,3393.0,0,1,0,1
944.0,3393.0,0,1,0,1
950.0,3393.0,0,1,0,1
956.0,3393.0,0,1,0,1
963.0,3393.0,0,1,0,1
968.0,3393.0,0,1,0,1
974.0,3393.0,0,1,0,1
978.0,3393.0,0,1,0,1
985.0,3393.0,0,1,0,1
988.0,3393.0,0,1,0,1
991.0,3393.0,0,1,0,1
994.0,3393.0,0,1,0,1
997.0,3393.0,0,1,0,1
1000.0,3393.0,0,1,0,1
1001.0,3393.0,0,1,0,1
1003.0,3393.0,0,1,0,1
1004.0,3393.0,0,1,0,1
1005.0,3393.0,0,1,0,1
1008.0,3393.0,0,1,0,1
1009.0,3393.0,0,1,0,1
1010.0,3393.0,0,1,0,1
1012.0,3393.0,0,1,0,1
1014.0,3393.0,0,1,0,1
1016.0,3393.0,0,1,0,1
1018.0,3393.0,0,1,0,1
1021.0,3393.0,0,1,0,1
1024.0,3393.0,0,1,0,1
1025.0,3393.0,0,1,0,1
1028.0,3393.0,0,1,0,1
1030.0,3393.0,0,1,0,1
1032.0,3393.0,0,1,0,1
1035.0,3393.0,0,1,0,1
1036.0,3393.0,0,1,0,1
1039.0,3393.0,0,1,0,1
1041.0,3393.0,0,1,0,1
1043.0,3393.0,0,1,0,1
1044.0,3393.0,0,1,0,1
1045.0,3393.0,0,1,0,1
1046.0,3393.0,0,1,0,1
1048.0,3393.0,0,1,0,1
1050.0,3393.0,0,1,0,1
1051.0,3392.0,0,1,0,1
1052.0,3392.0,0,1,0,1
1055.0,3392.0,0,1,0,1
1057.0,3392.0,0,1,0,1
1058.0,3392.0,0,1,0,1
1061.0,3392.0,0,1,0,1
1062.0,3392.0,0,1,0,1
1063.0,3392.0,0,1,0,1
1064.0,3392.0,0,1,0,1
1067.0,3392.0,0,1,0,1
1069.0,3392.0,0,1,0,1
1070.0,3392.0,0,1,0,1
1073.0,3392.0,0,1,0,1
1075.0,3392.0,0,1,0,1
1078.0,3392.0,0,1,0,1
1079.0,3392.0,0,1,0,1
1081.0,3392.0,0,1,0,1
1082.0,3392.0,0,1,0,1
1085.0,3392.0,0,1,0,1
1087.0,3392.0,0,1,0,1
1089.0,3392.0,0,1,0,1
1092.0,3392.0,0,1,0,1
1094.0,3392.0,0,1,0,1
1096.0,3392.0,0,1,0,1
1098.0,3392.0,0,1,0,1
1103.0,3392.0,0,1,0,1
1105.0,3392.0,0,1,0,1
1107.0,3392.0,0,1,0,1
1110.0,3392.0,0,1,0,1
1113.0,3392.0,0,1,0,1
1114.0,3392.0,0,1,0,1
1116.0,3392.0,0,1,0,1
1118.0,3392.0,0,1,0,1
1120.0,3392.0,0,1,0,1
1122.0,3392.0,0,1,0,1
1126.0,3392.0,0,1,0,1
1128.0,3392.0,0,1,0,1
1129.0,3392.0,0,1,0,1
1132.0,3392.0,0,1,0,1
1135.0,3392.0,0,1,0,1
1138.0,3392.0,0,1,0,1
1141.0,3392.0,0,1,0,1
1145.0,3392.0,0,1,0,1
1147.0,3392.0,0,1,0,1
1150.0,3392.0,0,1,0,1
1152.0,3392.0,0,1,0,1
1154.0,3392.0,0,1,0,1
1157.0,3392.0,0,1,0,1
1159.0,3392.0,0,1,0,1
1163.0,3392.0,0,1,0,1
1166.0,3392.0,0,1,0,1
1168.0,3392.0,0,1,0,1
1171.0,3392.0,0,1,0,1
1175.0,3392.0,0,1,0,1
1177.0,3392.0,0,1,0,1
1180.0,3392.0,0,1,0,1
1183.0,3392.0,0,1,0,1
1185.0,3390.0,0,1,0,1
1187.0,3390.0,0,1,0,1
1189.0,3390.0,0,1,0,1
1192.0,3390.0,0,1,0,1
1194.0,3389.0,0,1,0,1
1196.0,3387.0,0,1,0,1
1200.0,3387.0,0,1,0,1
1202.0,3387.0,0,1,0,1
1207.0,3386.0,0,1,0,1
1208.0,3386.0,0,1,0,1
1209.0,3386.0,0,1,0,1
1211.0,3386.0,0,1,0,1
1214.0,3386.0,0,1,0,1
1216.0,3386.0,0,1,0,1
1219.0,3386.0,0,1,0,1
1222.0,3386.0,0,1,0,1
1225.0,3386.0,0,1,0,1
1227.0,3386.0,0,1,0,1
1230.0,3386.0,0,1,0,1
1232.0,3386.0,0,1,0,1
1235.0,3386.0,0,1,0,1
1238.0,3386.0,0,1,0,1
1241.0,3386.0,0,1,0,1
1243.0,3386.0,0,1,0,1
1247.0,3386.0,0,1,0,1
1248.0,3386.0,0,1,0,1
1252.0,3386.0,0,1,0,1
1255.0,3386.0,0,1,0,1
1258.0,3386.0,0,1,0,1
1260.0,3386.0,0,1,0,1
1262.0,3386.0,0,1,0,1
1264.0,3386.0,0,1,0,1
1266.0,3386.0,0,1,0,1
1267.0,3386.0,0,1,0,1
1269.0,3386.0,0,1,0,1
1270.0,3386.0,0,1,0,1
1272.0,3386.0,0,1,0,1
1274.0,3386.0,0,1,0,1
1275.0,3386.0,0,1,0,1
1276.0,3386.0,0,1,0,1
1277.0,3386.0,0,1,0,1
1279.0,3386.0,0,1,0,1
1280.0,3386.0,0,1,0,1
1282.0,3386.0,0,1,0,1
1283.0,3386.0,0,1,0,1
1284.0,3386.0,0,1,0,1
1285.0,3386.0,0,1,0,1
1286.0,3386.0,0,1,0,1
1288.0,3386.0,0,1,0,1
1290.0,3386.0,0,1,0,1
1291.0,3386.0,0,1,0,1
1293.0,3386.0,0,1,0,1
1296.0,3386.0,0,1,0,1
1297.0,3386.0,0,1,0,1
1299.0,3386.0,0,1,0,1
1301.0,3386.0,0,1,0,1
1303.0,3386.0,0,1,0,1
1306.0,3386.0,0,1,0,1
1309.0,3386.0,0,1,0,1
1312.0,3386.0,0,1,0,1
1315.0,3386.0,0,1,0,1
1317.0,3386.0,0,1,0,1
1320.0,3386.0,0,1,0,1
1322.0,3386.0,0,1,0,1
1323.0,3386.0,0,1,0,1
1325.0,3386.0,0,1,0,1
1326.0,3386.0,0,1,0,1
1327.0,3386.0,0,1,0,1
1328.0,3386.0,0,1,0,1
1330.0,3386.0,0,1,0,1
1331.0,3386.0,0,1,0,1
1332.0,3386.0,0,1,0,1
1333.0,3386.0,0,1,0,1
1334.0,3386.0,0,1,0,1
1335.0,3386.0,0,1,0,1
1337.0,3386.0,0,1,0,1
1338.0,3386.0,0,1,0,1
1339.0,3386.0,0,1,0,1
1340.0,3386.0,0,1,0,1
1342.0,3386.0,0,1,0,1
1343.0,3386.0,0,1,0,1
1344.0,3386.0,0,1,0,1
1345.0,3386.0,0,1,0,1
1346.0,3386.0,0,1,0,1
1347.0,3386.0,0,1,0,1
1348.0,3386.0,0,1,0,1
1349.0,3386.0,0,1,0,1
1350.0,3386.0,0,1,0,1
1351.0,3386.0,0,1,0,1
1352.0,3386.0,0,1,0,1
1353.0,3386.0,0,1,0,1
1354.0,3386.0,0,1,0,1
1355.0,3386.0,0,1,0,1
1356.0,3386.0,0,1,0,1
1357.0,3386.0,0,1,0,1
1359.0,3386.0,0,1,0,1
1361.0,3386.0,0,1,0,1
1363.0,3386.0,0,1,0,1
1365.0,3386.0,0,1,0,1
1366.0,3387.0,0,1,0,1
1367.0,3387.0,0,1,0,1
1369.0,3387.0,0,1,0,1
1371.0,3387.0,0,1,0,1
1373.0,3387.0,0,1,0,1
1375.0,3388.0,0,1,0,1
1376.0,3388.0,0,1,0,1
1377.0,3388.0,0,1,0,1
1379.0,3388.0,0,1,0,1
1380.0,3388.0,0,1,0,1
1381.0,3388.0,0,1,0,1
1383.0,3388.0,0,1,0,1
1384.0,3388.0,0,1,0,1
1385.0,3388.0,0,1,0,1
1387.0,3388.0,0,1,0,1
1388.0,3388.0,0,1,0,1
1389.0,3388.0,0,1,0,1
1391.0,3388.0,0,1,0,1
1392.0,3388.0,0,1,0,1
1393.0,3388.0,0,1,0,1
1394.0,3388.0,0,1,0,1
1395.0,3388.0,0,1,0,1
1396.0,3388.0,0,1,0,1
1397.0,3388.0,0,1,0,1
1398.0,3388.0,0,1,0,1
1399.0,3388.0,0,1,0,1
1400.0,3388.0,0,1,0,1
1401.0,3388.0,0,1,0,1
1402.0,3388.0,0,1,0,1
1404.0,3389.0,0,1,0,1
1405.0,3389.0,0,1,0,1
1406.0,3390.0,0,1,0,1
1406.0,3391.0,0,1,0,1
1406.0,3393.0,0,1,0,1
1406.0,3394.0,0,1,0,1
1406.0,3396.0,0,1,0,1
1406.0,3397.0,0,1,0,1
1406.0,3399.0,0,1,0,1
1406.0,3400.0,0,1,0,1
1406.0,3401.0,0,1,0,1
1406.0,3402.0,0,1,0,1
1406.0,3403.0,0,1,0,1
1406.0,3405.0,0,1,0,1
1406.0,3407.0,0,1,0,1
1406.0,3409.0,0,1,0,1
1406.0,3410.0,0,1,0,1
1406.0,3411.0,0,1,0,1
1406.0,3412.0,0,1,0,1
1406.0,3413.0,0,1,0,1
1406.0,3414.0,0,1,0,1
1406.0,3415.0,0,1,0,1
1406.0,3417.0,0,1,0,1
1406.0,3419.0,0,1,0,1
1406.0,3421.0,0,1,0,1
1406.0,3422.0,0,1,0,1
1406.0,3423.0,0,1,0,1
1406.0,3424.0,0,1,0,1
1406.0,3425.0,0,1,0,1
1406.0,3426.0,0,1,0,1
1406.0,3427.0,0,1,0,1
1406.0,3429.0,0,1,0,1
1406.0,3430.0,0,1,0,1
1406.0,3431.0,0,1,0,1
1406.0,3432.0,0,1,0,1
1406.0,3433.0,0,1,0,1
1406.0,3434.0,0,1,0,1
1406.0,3435.0,0,1,0,1
1406.0,3436.0,0,1,0,1
1406.0,3438.0,0,1,0,1
1406.0,3440.0,0,1,0,1
1406.0,3441.0,0,1,0,1
1406.0,3443.0,0,1,0,1
1406.0,3444.0,0,1,0,1
1406.0,3446.0,0,1,0,1
1406.0,3447.0,0,1,0,1
1406.0,3448.0,0,1,0,1
1406.0,3449.0,0,1,0,1
256.0,256.0,0,0,-1
55,2,59,5,1
44,168,70,169,0
70,168,71,169,0
22,83,0,0,-2
21,7,0,0,4
21,7,0,0,-2
20,7,0,0,4
204,38,0,0,-3
68,170,0,0,7
68,170,0,0,-3
68,170,0,0,7
68,170,0,0,-3
69,171,0,0,7
TheCreator,0,0,0,-4
