1000.0,1000.0,0,0,-1
49,24,77,40,0
49,16,77,32,0
60,3,66,17,0
59,15,62,16,0
59,15,60,16,1
60,15,61,16,1
61,15,62,16,1
64,15,65,16,1
65,15,66,16,1
61,15,62,16,0
60,15,61,16,0
64,15,65,16,0
65,15,66,16,0
63,18,64,19,1
63,18,64,19,0
62,18,63,19,1
59,21,60,22,1
65,21,66,22,1
62,24,63,25,1
68,18,69,19,1
71,21,72,22,1
74,18,75,19,1
56,18,57,19,1
50,18,51,19,1
48,16,49,40,0
53,21,54,22,1
56,24,56,24,1
56,24,57,25,1
50,24,50,24,1
50,24,51,25,1
68,24,69,25,1
73,24,74,25,1
62,30,63,31,2
59,27,60,28,1
53,27,54,28,1
66,27,67,28,1
65,27,66,28,1
71,27,72,28,1
76,18,77,19,1
76,18,77,19,0
66,27,67,28,0
74,24,75,25,1
73,24,74,25,0
56,30,57,31,1
68,30,69,31,1
50,30,51,31,1
74,30,75,31,1
59,34,60,35,2
65,34,66,35,2
65,33,66,34,2
59,33,60,34,2
68,36,69,37,2
71,39,72,40,2
56,36,57,37,2
62,36,63,37,2
53,39,54,40,2
59,39,60,40,2
65,39,66,40,2
59,34,60,35,0
65,34,66,35,0
53,33,54,34,1
50,36,51,37,1
71,33,72,34,1
74,36,75,37,1
48,40,77,45,0
1000.0,1000.0,0,0,-1
49,24,77,40,0
49,16,77,32,0
60,3,66,17,0
59,15,62,16,0
59,15,60,16,1
60,15,61,16,1
61,15,62,16,1
64,15,65,16,1
65,15,66,16,1
61,15,62,16,0
60,15,61,16,0
64,15,65,16,0
65,15,66,16,0
63,18,64,19,1
63,18,64,19,0
62,18,63,19,1
59,21,60,22,1
65,21,66,22,1
62,24,63,25,1
68,18,69,19,1
71,21,72,22,1
74,18,75,19,1
56,18,57,19,1
50,18,51,19,1
48,16,49,40,0
53,21,54,22,1
56,24,56,24,1
56,24,57,25,1
50,24,50,24,1
50,24,51,25,1
68,24,69,25,1
73,24,74,25,1
62,30,63,31,2
59,27,60,28,1
53,27,54,28,1
66,27,67,28,1
65,27,66,28,1
71,27,72,28,1
76,18,77,19,1
76,18,77,19,0
66,27,67,28,0
74,24,75,25,1
73,24,74,25,0
56,30,57,31,1
68,30,69,31,1
50,30,51,31,1
74,30,75,31,1
59,34,60,35,2
65,34,66,35,2
65,33,66,34,2
59,33,60,34,2
68,36,69,37,2
71,39,72,40,2
56,36,57,37,2
62,36,63,37,2
53,39,54,40,2
59,39,60,40,2
65,39,66,40,2
59,34,60,35,0
65,34,66,35,0
53,33,54,34,1
50,36,51,37,1
71,33,72,34,1
74,36,75,37,1
48,40,77,45,0
56,42,57,43,2
62,42,63,43,2
68,42,69,43,2
74,42,75,43,2
50,42,51,43,2
48,43,77,48,0
59,39,60,40,0
65,39,66,40,0
56,42,57,43,0
62,36,63,37,0
68,42,69,43,0
62,36,63,37,1
59,39,60,40,1
56,42,57,43,1
65,39,66,40,1
68,42,69,43,1
71,45,72,46,1
73,47,73,47,1
65,45,66,46,2
59,45,60,46,2
53,45,54,46,1
48,47,78,64,0
77,47,78,64,1
50,48,51,49,1
74,48,75,49,1
56,48,57,49,2
68,48,69,49,2
71,51,72,52,2
74,54,75,55,2
62,48,63,49,2
65,51,66,52,2
59,51,60,52,2
68,54,69,55,2
71,57,72,58,2
74,60,75,61,2
56,54,57,55,2
53,56,54,56,2
53,57,54,58,2
53,51,54,52,2
50,54,51,55,2
50,60,51,61,2
62,54,63,55,1
59,57,60,58,1
56,60,57,61,1
65,57,66,58,1
68,60,69,61,1
62,60,63,61,2
48,64,77,92,0
53,63,54,64,1
50,66,51,67,1
71,63,72,64,1
74,66,75,67,1
65,63,66,64,2
68,66,69,67,2
71,69,72,70,2
73,71,74,72,2
73,71,74,72,0
74,72,74,72,1
74,72,75,73,2
59,63,60,64,2
62,66,63,67,2
56,66,57,67,2
53,69,54,70,2
50,72,51,73,2
56,72,57,73,2
59,69,60,70,2
62,72,63,73,2
65,69,66,70,2
68,72,69,73,2
54,74,55,75,2
54,74,55,75,0
53,75,54,76,2
50,78,50,78,2
50,78,51,79,2
56,78,57,79,2
59,75,60,76,2
65,75,66,76,2
71,75,72,76,2
68,78,69,79,2
62,78,63,79,2
62,78,63,79,0
74,78,75,79,2
71,81,72,82,2
74,84,75,85,2
53,81,54,82,2
50,84,51,85,2
62,76,63,77,2
60,78,61,79,2
64,78,65,79,2
66,80,67,81,2
62,76,62,76,0
60,78,61,79,0
62,76,63,77,0
64,78,65,79,0
66,80,67,81,0
62,76,63,77,3
64,78,64,78,3
64,78,64,78,3
64,78,65,79,3
62,76,63,77,0
64,78,65,79,0
62,78,63,79,3
65,81,66,82,3
68,84,69,85,3
71,87,72,88,3
74,90,75,91,3
62,81,63,82,3
59,81,60,82,3
62,84,63,85,3
65,84,66,85,3
65,87,66,88,3
68,87,69,88,3
62,87,63,88,3
59,87,60,88,3
59,85,60,86,3
59,84,60,85,3
56,84,57,85,3
53,87,54,88,3
56,87,57,88,3
50,90,51,91,3
53,90,54,91,3
56,90,57,91,3
59,90,60,91,3
62,90,63,91,3
65,90,66,91,3
68,90,69,91,3
71,90,72,91,3
59,85,60,86,0
48,91,77,97,0
50,93,51,94,3
53,93,54,94,3
53,93,54,94,0
50,93,51,94,0
51,93,52,94,3
54,93,55,94,3
57,93,58,94,3
60,93,61,94,3
64,93,65,94,3
67,93,68,94,3
70,93,71,94,3
73,93,74,94,3
72,95,73,96,3
72,95,73,96,0
72,96,73,97,3
68,96,69,97,3
68,96,69,97,0
69,96,70,97,3
66,96,67,97,3
63,96,64,97,3
61,96,62,97,3
58,96,59,97,3
55,96,56,97,3
52,96,53,97,3
50,96,51,97,3
75,96,76,97,3
49,96,50,97,3
50,96,51,97,0
62,96,63,97,3
48,97,77,100,0
1000.0,1000.0,0,0,-1
49,24,77,40,0
49,16,77,32,0
60,3,66,17,0
59,15,62,16,0
59,15,60,16,1
60,15,61,16,1
61,15,62,16,1
64,15,65,16,1
65,15,66,16,1
61,15,62,16,0
60,15,61,16,0
64,15,65,16,0
65,15,66,16,0
63,18,64,19,1
63,18,64,19,0
62,18,63,19,1
59,21,60,22,1
65,21,66,22,1
62,24,63,25,1
68,18,69,19,1
71,21,72,22,1
74,18,75,19,1
56,18,57,19,1
50,18,51,19,1
48,16,49,40,0
53,21,54,22,1
56,24,56,24,1
56,24,57,25,1
50,24,50,24,1
50,24,51,25,1
68,24,69,25,1
73,24,74,25,1
62,30,63,31,2
59,27,60,28,1
53,27,54,28,1
66,27,67,28,1
65,27,66,28,1
71,27,72,28,1
76,18,77,19,1
76,18,77,19,0
66,27,67,28,0
74,24,75,25,1
73,24,74,25,0
56,30,57,31,1
68,30,69,31,1
50,30,51,31,1
74,30,75,31,1
59,34,60,35,2
65,34,66,35,2
65,33,66,34,2
59,33,60,34,2
68,36,69,37,2
71,39,72,40,2
56,36,57,37,2
62,36,63,37,2
53,39,54,40,2
59,39,60,40,2
65,39,66,40,2
59,34,60,35,0
65,34,66,35,0
53,33,54,34,1
50,36,51,37,1
71,33,72,34,1
74,36,75,37,1
48,40,77,45,0
56,42,57,43,2
62,42,63,43,2
68,42,69,43,2
74,42,75,43,2
50,42,51,43,2
48,43,77,48,0
59,39,60,40,0
65,39,66,40,0
56,42,57,43,0
62,36,63,37,0
68,42,69,43,0
62,36,63,37,1
59,39,60,40,1
56,42,57,43,1
65,39,66,40,1
68,42,69,43,1
71,45,72,46,1
73,47,73,47,1
65,45,66,46,2
59,45,60,46,2
53,45,54,46,1
48,47,78,64,0
77,47,78,64,1
50,48,51,49,1
74,48,75,49,1
56,48,57,49,2
68,48,69,49,2
71,51,72,52,2
74,54,75,55,2
62,48,63,49,2
65,51,66,52,2
59,51,60,52,2
68,54,69,55,2
71,57,72,58,2
74,60,75,61,2
56,54,57,55,2
53,56,54,56,2
53,57,54,58,2
53,51,54,52,2
50,54,51,55,2
50,60,51,61,2
62,54,63,55,1
59,57,60,58,1
56,60,57,61,1
65,57,66,58,1
68,60,69,61,1
62,60,63,61,2
48,64,77,92,0
53,63,54,64,1
50,66,51,67,1
71,63,72,64,1
74,66,75,67,1
65,63,66,64,2
68,66,69,67,2
71,69,72,70,2
73,71,74,72,2
73,71,74,72,0
74,72,74,72,1
74,72,75,73,2
59,63,60,64,2
62,66,63,67,2
56,66,57,67,2
53,69,54,70,2
50,72,51,73,2
56,72,57,73,2
59,69,60,70,2
62,72,63,73,2
65,69,66,70,2
68,72,69,73,2
54,74,55,75,2
54,74,55,75,0
53,75,54,76,2
50,78,50,78,2
50,78,51,79,2
56,78,57,79,2
59,75,60,76,2
65,75,66,76,2
71,75,72,76,2
68,78,69,79,2
62,78,63,79,2
62,78,63,79,0
74,78,75,79,2
71,81,72,82,2
74,84,75,85,2
53,81,54,82,2
50,84,51,85,2
62,76,63,77,2
60,78,61,79,2
64,78,65,79,2
66,80,67,81,2
62,76,62,76,0
60,78,61,79,0
62,76,63,77,0
64,78,65,79,0
66,80,67,81,0
62,76,63,77,3
64,78,64,78,3
64,78,64,78,3
64,78,65,79,3
62,76,63,77,0
64,78,65,79,0
62,78,63,79,3
65,81,66,82,3
68,84,69,85,3
71,87,72,88,3
74,90,75,91,3
62,81,63,82,3
59,81,60,82,3
62,84,63,85,3
65,84,66,85,3
65,87,66,88,3
68,87,69,88,3
62,87,63,88,3
59,87,60,88,3
59,85,60,86,3
59,84,60,85,3
56,84,57,85,3
53,87,54,88,3
56,87,57,88,3
50,90,51,91,3
53,90,54,91,3
56,90,57,91,3
59,90,60,91,3
62,90,63,91,3
65,90,66,91,3
68,90,69,91,3
71,90,72,91,3
59,85,60,86,0
48,91,77,97,0
50,93,51,94,3
53,93,54,94,3
53,93,54,94,0
50,93,51,94,0
51,93,52,94,3
54,93,55,94,3
57,93,58,94,3
60,93,61,94,3
64,93,65,94,3
67,93,68,94,3
70,93,71,94,3
73,93,74,94,3
72,95,73,96,3
72,95,73,96,0
72,96,73,97,3
68,96,69,97,3
68,96,69,97,0
69,96,70,97,3
66,96,67,97,3
63,96,64,97,3
61,96,62,97,3
58,96,59,97,3
55,96,56,97,3
52,96,53,97,3
50,96,51,97,3
75,96,76,97,3
49,96,50,97,3
50,96,51,97,0
62,96,63,97,3
48,97,77,100,0
48,98,77,120,0
50,99,51,100,2
51,100,52,101,2
52,101,53,102,2
53,102,54,103,2
57,102,58,103,2
58,101,59,102,2
59,100,60,101,2
60,99,61,100,2
64,99,65,100,2
65,100,66,101,2
66,101,67,102,2
67,102,68,103,2
71,102,72,103,2
72,101,73,102,2
73,100,74,101,2
74,99,74,99,2
74,99,75,100,2
54,105,55,106,2
53,106,54,107,2
54,105,55,106,0
53,106,54,107,0
55,105,56,106,2
56,106,56,106,2
56,106,56,106,2
56,106,57,107,2
62,102,62,102,2
62,102,63,103,2
61,103,62,104,2
61,103,61,103,0
62,102,63,103,0
61,103,62,104,0
56,106,56,106,0
55,105,56,106,0
56,106,57,107,0
50,105,51,106,3
53,105,54,106,3
56,105,57,106,3
59,105,59,105,3
59,105,60,106,3
62,105,63,106,3
65,105,66,106,3
68,105,69,106,3
71,105,72,106,3
74,105,75,106,3
55,108,56,109,2
54,109,55,110,2
56,109,56,109,2
56,109,57,110,2
57,110,58,111,2
58,111,59,112,2
59,112,60,113,2
60,113,61,114,2
64,113,65,114,2
65,112,66,113,2
66,111,67,112,2
67,110,68,111,2
68,109,69,110,2
69,108,70,109,2
70,109,71,110,2
71,110,72,111,2
72,111,73,112,2
73,112,74,113,2
53,110,54,111,2
52,111,52,111,2
51,112,52,113,2
52,111,53,112,2
50,113,50,113,2
50,113,51,114,2
47,96,48,114,2
74,113,75,114,2
77,96,78,114,2
47,17,48,35,2
47,15,47,15,2
47,16,48,17,2
47,15,48,16,2
47,35,48,68,2
47,68,48,97,2
77,65,78,97,2
77,40,78,66,2
77,15,78,40,2
66,15,77,16,2
47,15,60,15,2
59,2,60,15,2
60,2,60,2,2
62,2,63,3,2
60,2,61,3,2
61,2,62,3,2
63,2,64,3,2
64,2,65,3,2
65,2,66,3,2
66,2,67,3,2
1000.0,1000.0,0,0,-1
49,24,77,40,0
49,16,77,32,0
60,3,66,17,0
59,15,62,16,0
59,15,60,16,1
60,15,61,16,1
61,15,62,16,1
64,15,65,16,1
65,15,66,16,1
61,15,62,16,0
60,15,61,16,0
64,15,65,16,0
65,15,66,16,0
63,18,64,19,1
63,18,64,19,0
62,18,63,19,1
59,21,60,22,1
65,21,66,22,1
62,24,63,25,1
68,18,69,19,1
71,21,72,22,1
74,18,75,19,1
56,18,57,19,1
50,18,51,19,1
48,16,49,40,0
53,21,54,22,1
56,24,56,24,1
56,24,57,25,1
50,24,50,24,1
50,24,51,25,1
68,24,69,25,1
73,24,74,25,1
62,30,63,31,2
59,27,60,28,1
53,27,54,28,1
66,27,67,28,1
65,27,66,28,1
71,27,72,28,1
76,18,77,19,1
76,18,77,19,0
66,27,67,28,0
74,24,75,25,1
73,24,74,25,0
56,30,57,31,1
68,30,69,31,1
50,30,51,31,1
74,30,75,31,1
59,34,60,35,2
65,34,66,35,2
65,33,66,34,2
59,33,60,34,2
68,36,69,37,2
71,39,72,40,2
56,36,57,37,2
62,36,63,37,2
53,39,54,40,2
59,39,60,40,2
65,39,66,40,2
59,34,60,35,0
65,34,66,35,0
53,33,54,34,1
50,36,51,37,1
71,33,72,34,1
74,36,75,37,1
48,40,77,45,0
56,42,57,43,2
62,42,63,43,2
68,42,69,43,2
74,42,75,43,2
50,42,51,43,2
48,43,77,48,0
59,39,60,40,0
65,39,66,40,0
56,42,57,43,0
62,36,63,37,0
68,42,69,43,0
62,36,63,37,1
59,39,60,40,1
56,42,57,43,1
65,39,66,40,1
68,42,69,43,1
71,45,72,46,1
73,47,73,47,1
65,45,66,46,2
59,45,60,46,2
53,45,54,46,1
48,47,78,64,0
77,47,78,64,1
50,48,51,49,1
74,48,75,49,1
56,48,57,49,2
68,48,69,49,2
71,51,72,52,2
74,54,75,55,2
62,48,63,49,2
65,51,66,52,2
59,51,60,52,2
68,54,69,55,2
71,57,72,58,2
74,60,75,61,2
56,54,57,55,2
53,56,54,56,2
53,57,54,58,2
53,51,54,52,2
50,54,51,55,2
50,60,51,61,2
62,54,63,55,1
59,57,60,58,1
56,60,57,61,1
65,57,66,58,1
68,60,69,61,1
62,60,63,61,2
48,64,77,92,0
53,63,54,64,1
50,66,51,67,1
71,63,72,64,1
74,66,75,67,1
65,63,66,64,2
68,66,69,67,2
71,69,72,70,2
73,71,74,72,2
73,71,74,72,0
74,72,74,72,1
74,72,75,73,2
59,63,60,64,2
62,66,63,67,2
56,66,57,67,2
53,69,54,70,2
50,72,51,73,2
56,72,57,73,2
59,69,60,70,2
62,72,63,73,2
65,69,66,70,2
68,72,69,73,2
54,74,55,75,2
54,74,55,75,0
53,75,54,76,2
50,78,50,78,2
50,78,51,79,2
56,78,57,79,2
59,75,60,76,2
65,75,66,76,2
71,75,72,76,2
68,78,69,79,2
62,78,63,79,2
62,78,63,79,0
74,78,75,79,2
71,81,72,82,2
74,84,75,85,2
53,81,54,82,2
50,84,51,85,2
62,76,63,77,2
60,78,61,79,2
64,78,65,79,2
66,80,67,81,2
62,76,62,76,0
60,78,61,79,0
62,76,63,77,0
64,78,65,79,0
66,80,67,81,0
62,76,63,77,3
64,78,64,78,3
64,78,64,78,3
64,78,65,79,3
62,76,63,77,0
64,78,65,79,0
62,78,63,79,3
65,81,66,82,3
68,84,69,85,3
71,87,72,88,3
74,90,75,91,3
62,81,63,82,3
59,81,60,82,3
62,84,63,85,3
65,84,66,85,3
65,87,66,88,3
68,87,69,88,3
62,87,63,88,3
59,87,60,88,3
59,85,60,86,3
59,84,60,85,3
56,84,57,85,3
53,87,54,88,3
56,87,57,88,3
50,90,51,91,3
53,90,54,91,3
56,90,57,91,3
59,90,60,91,3
62,90,63,91,3
65,90,66,91,3
68,90,69,91,3
71,90,72,91,3
59,85,60,86,0
48,91,77,97,0
50,93,51,94,3
53,93,54,94,3
53,93,54,94,0
50,93,51,94,0
51,93,52,94,3
54,93,55,94,3
57,93,58,94,3
60,93,61,94,3
64,93,65,94,3
67,93,68,94,3
70,93,71,94,3
73,93,74,94,3
72,95,73,96,3
72,95,73,96,0
72,96,73,97,3
68,96,69,97,3
68,96,69,97,0
69,96,70,97,3
66,96,67,97,3
63,96,64,97,3
61,96,62,97,3
58,96,59,97,3
55,96,56,97,3
52,96,53,97,3
50,96,51,97,3
75,96,76,97,3
49,96,50,97,3
50,96,51,97,0
62,96,63,97,3
48,97,77,100,0
48,98,77,120,0
50,99,51,100,2
51,100,52,101,2
52,101,53,102,2
53,102,54,103,2
57,102,58,103,2
58,101,59,102,2
59,100,60,101,2
60,99,61,100,2
64,99,65,100,2
65,100,66,101,2
66,101,67,102,2
67,102,68,103,2
71,102,72,103,2
72,101,73,102,2
73,100,74,101,2
74,99,74,99,2
74,99,75,100,2
54,105,55,106,2
53,106,54,107,2
54,105,55,106,0
53,106,54,107,0
55,105,56,106,2
56,106,56,106,2
56,106,56,106,2
56,106,57,107,2
62,102,62,102,2
62,102,63,103,2
61,103,62,104,2
61,103,61,103,0
62,102,63,103,0
61,103,62,104,0
56,106,56,106,0
55,105,56,106,0
56,106,57,107,0
50,105,51,106,3
53,105,54,106,3
56,105,57,106,3
59,105,59,105,3
59,105,60,106,3
62,105,63,106,3
65,105,66,106,3
68,105,69,106,3
71,105,72,106,3
74,105,75,106,3
55,108,56,109,2
54,109,55,110,2
56,109,56,109,2
56,109,57,110,2
57,110,58,111,2
58,111,59,112,2
59,112,60,113,2
60,113,61,114,2
64,113,65,114,2
65,112,66,113,2
66,111,67,112,2
67,110,68,111,2
68,109,69,110,2
69,108,70,109,2
70,109,71,110,2
71,110,72,111,2
72,111,73,112,2
73,112,74,113,2
53,110,54,111,2
52,111,52,111,2
51,112,52,113,2
52,111,53,112,2
50,113,50,113,2
50,113,51,114,2
47,96,48,114,2
74,113,75,114,2
77,96,78,114,2
47,17,48,35,2
47,15,47,15,2
47,16,48,17,2
47,15,48,16,2
47,35,48,68,2
47,68,48,97,2
77,65,78,97,2
77,40,78,66,2
77,15,78,40,2
66,15,77,16,2
47,15,60,15,2
59,2,60,15,2
60,2,60,2,2
62,2,63,3,2
60,2,61,3,2
61,2,62,3,2
63,2,64,3,2
64,2,65,3,2
65,2,66,3,2
66,2,67,3,2
66,2,67,15,2
47,15,60,16,2
1000.0,1000.0,0,0,-1
49,24,77,40,0
49,16,77,32,0
60,3,66,17,0
59,15,62,16,0
59,15,60,16,1
60,15,61,16,1
61,15,62,16,1
64,15,65,16,1
65,15,66,16,1
61,15,62,16,0
60,15,61,16,0
64,15,65,16,0
65,15,66,16,0
63,18,64,19,1
63,18,64,19,0
62,18,63,19,1
59,21,60,22,1
65,21,66,22,1
62,24,63,25,1
68,18,69,19,1
71,21,72,22,1
74,18,75,19,1
56,18,57,19,1
50,18,51,19,1
48,16,49,40,0
53,21,54,22,1
56,24,56,24,1
56,24,57,25,1
50,24,50,24,1
50,24,51,25,1
68,24,69,25,1
73,24,74,25,1
62,30,63,31,2
59,27,60,28,1
53,27,54,28,1
66,27,67,28,1
65,27,66,28,1
71,27,72,28,1
76,18,77,19,1
76,18,77,19,0
66,27,67,28,0
74,24,75,25,1
73,24,74,25,0
56,30,57,31,1
68,30,69,31,1
50,30,51,31,1
74,30,75,31,1
59,34,60,35,2
65,34,66,35,2
65,33,66,34,2
59,33,60,34,2
68,36,69,37,2
71,39,72,40,2
56,36,57,37,2
62,36,63,37,2
53,39,54,40,2
59,39,60,40,2
65,39,66,40,2
59,34,60,35,0
65,34,66,35,0
53,33,54,34,1
50,36,51,37,1
71,33,72,34,1
74,36,75,37,1
48,40,77,45,0
56,42,57,43,2
62,42,63,43,2
68,42,69,43,2
74,42,75,43,2
50,42,51,43,2
48,43,77,48,0
59,39,60,40,0
65,39,66,40,0
56,42,57,43,0
62,36,63,37,0
68,42,69,43,0
62,36,63,37,1
59,39,60,40,1
56,42,57,43,1
65,39,66,40,1
68,42,69,43,1
71,45,72,46,1
73,47,73,47,1
65,45,66,46,2
59,45,60,46,2
53,45,54,46,1
48,47,78,64,0
77,47,78,64,1
50,48,51,49,1
74,48,75,49,1
56,48,57,49,2
68,48,69,49,2
71,51,72,52,2
74,54,75,55,2
62,48,63,49,2
65,51,66,52,2
59,51,60,52,2
68,54,69,55,2
71,57,72,58,2
74,60,75,61,2
56,54,57,55,2
53,56,54,56,2
53,57,54,58,2
53,51,54,52,2
50,54,51,55,2
50,60,51,61,2
62,54,63,55,1
59,57,60,58,1
56,60,57,61,1
65,57,66,58,1
68,60,69,61,1
62,60,63,61,2
48,64,77,92,0
53,63,54,64,1
50,66,51,67,1
71,63,72,64,1
74,66,75,67,1
65,63,66,64,2
68,66,69,67,2
71,69,72,70,2
73,71,74,72,2
73,71,74,72,0
74,72,74,72,1
74,72,75,73,2
59,63,60,64,2
62,66,63,67,2
56,66,57,67,2
53,69,54,70,2
50,72,51,73,2
56,72,57,73,2
59,69,60,70,2
62,72,63,73,2
65,69,66,70,2
68,72,69,73,2
54,74,55,75,2
54,74,55,75,0
53,75,54,76,2
50,78,50,78,2
50,78,51,79,2
56,78,57,79,2
59,75,60,76,2
65,75,66,76,2
71,75,72,76,2
68,78,69,79,2
62,78,63,79,2
62,78,63,79,0
74,78,75,79,2
71,81,72,82,2
74,84,75,85,2
53,81,54,82,2
50,84,51,85,2
62,76,63,77,2
60,78,61,79,2
64,78,65,79,2
66,80,67,81,2
62,76,62,76,0
60,78,61,79,0
62,76,63,77,0
64,78,65,79,0
66,80,67,81,0
62,76,63,77,3
64,78,64,78,3
64,78,64,78,3
64,78,65,79,3
62,76,63,77,0
64,78,65,79,0
62,78,63,79,3
65,81,66,82,3
68,84,69,85,3
71,87,72,88,3
74,90,75,91,3
62,81,63,82,3
59,81,60,82,3
62,84,63,85,3
65,84,66,85,3
65,87,66,88,3
68,87,69,88,3
62,87,63,88,3
59,87,60,88,3
59,85,60,86,3
59,84,60,85,3
56,84,57,85,3
53,87,54,88,3
56,87,57,88,3
50,90,51,91,3
53,90,54,91,3
56,90,57,91,3
59,90,60,91,3
62,90,63,91,3
65,90,66,91,3
68,90,69,91,3
71,90,72,91,3
59,85,60,86,0
48,91,77,97,0
50,93,51,94,3
53,93,54,94,3
53,93,54,94,0
50,93,51,94,0
51,93,52,94,3
54,93,55,94,3
57,93,58,94,3
60,93,61,94,3
64,93,65,94,3
67,93,68,94,3
70,93,71,94,3
73,93,74,94,3
72,95,73,96,3
72,95,73,96,0
72,96,73,97,3
68,96,69,97,3
68,96,69,97,0
69,96,70,97,3
66,96,67,97,3
63,96,64,97,3
61,96,62,97,3
58,96,59,97,3
55,96,56,97,3
52,96,53,97,3
50,96,51,97,3
75,96,76,97,3
49,96,50,97,3
50,96,51,97,0
62,96,63,97,3
48,97,77,100,0
48,98,77,120,0
50,99,51,100,2
51,100,52,101,2
52,101,53,102,2
53,102,54,103,2
57,102,58,103,2
58,101,59,102,2
59,100,60,101,2
60,99,61,100,2
64,99,65,100,2
65,100,66,101,2
66,101,67,102,2
67,102,68,103,2
71,102,72,103,2
72,101,73,102,2
73,100,74,101,2
74,99,74,99,2
74,99,75,100,2
54,105,55,106,2
53,106,54,107,2
54,105,55,106,0
53,106,54,107,0
55,105,56,106,2
56,106,56,106,2
56,106,56,106,2
56,106,57,107,2
62,102,62,102,2
62,102,63,103,2
61,103,62,104,2
61,103,61,103,0
62,102,63,103,0
61,103,62,104,0
56,106,56,106,0
55,105,56,106,0
56,106,57,107,0
50,105,51,106,3
53,105,54,106,3
56,105,57,106,3
59,105,59,105,3
59,105,60,106,3
62,105,63,106,3
65,105,66,106,3
68,105,69,106,3
71,105,72,106,3
74,105,75,106,3
55,108,56,109,2
54,109,55,110,2
56,109,56,109,2
56,109,57,110,2
57,110,58,111,2
58,111,59,112,2
59,112,60,113,2
60,113,61,114,2
64,113,65,114,2
65,112,66,113,2
66,111,67,112,2
67,110,68,111,2
68,109,69,110,2
69,108,70,109,2
70,109,71,110,2
71,110,72,111,2
72,111,73,112,2
73,112,74,113,2
53,110,54,111,2
52,111,52,111,2
51,112,52,113,2
52,111,53,112,2
50,113,50,113,2
50,113,51,114,2
47,96,48,114,2
74,113,75,114,2
77,96,78,114,2
47,17,48,35,2
47,15,47,15,2
47,16,48,17,2
47,15,48,16,2
47,35,48,68,2
47,68,48,97,2
77,65,78,97,2
77,40,78,66,2
77,15,78,40,2
66,15,77,16,2
47,15,60,15,2
59,2,60,15,2
60,2,60,2,2
62,2,63,3,2
60,2,61,3,2
61,2,62,3,2
63,2,64,3,2
64,2,65,3,2
65,2,66,3,2
66,2,67,3,2
66,2,67,15,2
47,15,60,16,2
47,114,48,115,2
47,115,48,116,2
48,117,49,118,1
49,118,50,119,1
48,118,49,119,1
48,119,49,120,1
49,119,50,120,1
50,119,51,120,1
76,117,77,118,1
76,118,77,119,1
76,116,77,117,1
75,118,76,119,1
76,119,77,120,1
75,119,76,120,1
74,119,75,120,1
52,119,73,121,0
53,120,72,122,0
54,121,71,123,0
55,122,70,124,0
56,123,68,125,0
57,124,67,126,0
58,125,66,127,0
59,126,65,128,0
60,127,64,137,0
61,135,62,136,5
1000.0,1000.0,0,0,-1
49,24,77,40,0
49,16,77,32,0
60,3,66,17,0
59,15,62,16,0
59,15,60,16,1
60,15,61,16,1
61,15,62,16,1
64,15,65,16,1
65,15,66,16,1
61,15,62,16,0
60,15,61,16,0
64,15,65,16,0
65,15,66,16,0
63,18,64,19,1
63,18,64,19,0
62,18,63,19,1
59,21,60,22,1
65,21,66,22,1
62,24,63,25,1
68,18,69,19,1
71,21,72,22,1
74,18,75,19,1
56,18,57,19,1
50,18,51,19,1
48,16,49,40,0
53,21,54,22,1
56,24,56,24,1
56,24,57,25,1
50,24,50,24,1
50,24,51,25,1
68,24,69,25,1
73,24,74,25,1
62,30,63,31,2
59,27,60,28,1
53,27,54,28,1
66,27,67,28,1
65,27,66,28,1
71,27,72,28,1
76,18,77,19,1
76,18,77,19,0
66,27,67,28,0
74,24,75,25,1
73,24,74,25,0
56,30,57,31,1
68,30,69,31,1
50,30,51,31,1
74,30,75,31,1
59,34,60,35,2
65,34,66,35,2
65,33,66,34,2
59,33,60,34,2
68,36,69,37,2
71,39,72,40,2
56,36,57,37,2
62,36,63,37,2
53,39,54,40,2
59,39,60,40,2
65,39,66,40,2
59,34,60,35,0
65,34,66,35,0
53,33,54,34,1
50,36,51,37,1
71,33,72,34,1
74,36,75,37,1
48,40,77,45,0
56,42,57,43,2
62,42,63,43,2
68,42,69,43,2
74,42,75,43,2
50,42,51,43,2
48,43,77,48,0
59,39,60,40,0
65,39,66,40,0
56,42,57,43,0
62,36,63,37,0
68,42,69,43,0
62,36,63,37,1
59,39,60,40,1
56,42,57,43,1
65,39,66,40,1
68,42,69,43,1
71,45,72,46,1
73,47,73,47,1
65,45,66,46,2
59,45,60,46,2
53,45,54,46,1
48,47,78,64,0
77,47,78,64,1
50,48,51,49,1
74,48,75,49,1
56,48,57,49,2
68,48,69,49,2
71,51,72,52,2
74,54,75,55,2
62,48,63,49,2
65,51,66,52,2
59,51,60,52,2
68,54,69,55,2
71,57,72,58,2
74,60,75,61,2
56,54,57,55,2
53,56,54,56,2
53,57,54,58,2
53,51,54,52,2
50,54,51,55,2
50,60,51,61,2
62,54,63,55,1
59,57,60,58,1
56,60,57,61,1
65,57,66,58,1
68,60,69,61,1
62,60,63,61,2
48,64,77,92,0
53,63,54,64,1
50,66,51,67,1
71,63,72,64,1
74,66,75,67,1
65,63,66,64,2
68,66,69,67,2
71,69,72,70,2
73,71,74,72,2
73,71,74,72,0
74,72,74,72,1
74,72,75,73,2
59,63,60,64,2
62,66,63,67,2
56,66,57,67,2
53,69,54,70,2
50,72,51,73,2
56,72,57,73,2
59,69,60,70,2
62,72,63,73,2
65,69,66,70,2
68,72,69,73,2
54,74,55,75,2
54,74,55,75,0
53,75,54,76,2
50,78,50,78,2
50,78,51,79,2
56,78,57,79,2
59,75,60,76,2
65,75,66,76,2
71,75,72,76,2
68,78,69,79,2
62,78,63,79,2
62,78,63,79,0
74,78,75,79,2
71,81,72,82,2
74,84,75,85,2
53,81,54,82,2
50,84,51,85,2
62,76,63,77,2
60,78,61,79,2
64,78,65,79,2
66,80,67,81,2
62,76,62,76,0
60,78,61,79,0
62,76,63,77,0
64,78,65,79,0
66,80,67,81,0
62,76,63,77,3
64,78,64,78,3
64,78,64,78,3
64,78,65,79,3
62,76,63,77,0
64,78,65,79,0
62,78,63,79,3
65,81,66,82,3
68,84,69,85,3
71,87,72,88,3
74,90,75,91,3
62,81,63,82,3
59,81,60,82,3
62,84,63,85,3
65,84,66,85,3
65,87,66,88,3
68,87,69,88,3
62,87,63,88,3
59,87,60,88,3
59,85,60,86,3
59,84,60,85,3
56,84,57,85,3
53,87,54,88,3
56,87,57,88,3
50,90,51,91,3
53,90,54,91,3
56,90,57,91,3
59,90,60,91,3
62,90,63,91,3
65,90,66,91,3
68,90,69,91,3
71,90,72,91,3
59,85,60,86,0
48,91,77,97,0
50,93,51,94,3
53,93,54,94,3
53,93,54,94,0
50,93,51,94,0
51,93,52,94,3
54,93,55,94,3
57,93,58,94,3
60,93,61,94,3
64,93,65,94,3
67,93,68,94,3
70,93,71,94,3
73,93,74,94,3
72,95,73,96,3
72,95,73,96,0
72,96,73,97,3
68,96,69,97,3
68,96,69,97,0
69,96,70,97,3
66,96,67,97,3
63,96,64,97,3
61,96,62,97,3
58,96,59,97,3
55,96,56,97,3
52,96,53,97,3
50,96,51,97,3
75,96,76,97,3
49,96,50,97,3
50,96,51,97,0
62,96,63,97,3
48,97,77,100,0
48,98,77,120,0
50,99,51,100,2
51,100,52,101,2
52,101,53,102,2
53,102,54,103,2
57,102,58,103,2
58,101,59,102,2
59,100,60,101,2
60,99,61,100,2
64,99,65,100,2
65,100,66,101,2
66,101,67,102,2
67,102,68,103,2
71,102,72,103,2
72,101,73,102,2
73,100,74,101,2
74,99,74,99,2
74,99,75,100,2
54,105,55,106,2
53,106,54,107,2
54,105,55,106,0
53,106,54,107,0
55,105,56,106,2
56,106,56,106,2
56,106,56,106,2
56,106,57,107,2
62,102,62,102,2
62,102,63,103,2
61,103,62,104,2
61,103,61,103,0
62,102,63,103,0
61,103,62,104,0
56,106,56,106,0
55,105,56,106,0
56,106,57,107,0
50,105,51,106,3
53,105,54,106,3
56,105,57,106,3
59,105,59,105,3
59,105,60,106,3
62,105,63,106,3
65,105,66,106,3
68,105,69,106,3
71,105,72,106,3
74,105,75,106,3
55,108,56,109,2
54,109,55,110,2
56,109,56,109,2
56,109,57,110,2
57,110,58,111,2
58,111,59,112,2
59,112,60,113,2
60,113,61,114,2
64,113,65,114,2
65,112,66,113,2
66,111,67,112,2
67,110,68,111,2
68,109,69,110,2
69,108,70,109,2
70,109,71,110,2
71,110,72,111,2
72,111,73,112,2
73,112,74,113,2
53,110,54,111,2
52,111,52,111,2
51,112,52,113,2
52,111,53,112,2
50,113,50,113,2
50,113,51,114,2
47,96,48,114,2
74,113,75,114,2
77,96,78,114,2
47,17,48,35,2
47,15,47,15,2
47,16,48,17,2
47,15,48,16,2
47,35,48,68,2
47,68,48,97,2
77,65,78,97,2
77,40,78,66,2
77,15,78,40,2
66,15,77,16,2
47,15,60,15,2
59,2,60,15,2
60,2,60,2,2
62,2,63,3,2
60,2,61,3,2
61,2,62,3,2
63,2,64,3,2
64,2,65,3,2
65,2,66,3,2
66,2,67,3,2
66,2,67,15,2
47,15,60,16,2
47,114,48,115,2
47,115,48,116,2
48,117,49,118,1
49,118,50,119,1
48,118,49,119,1
48,119,49,120,1
49,119,50,120,1
50,119,51,120,1
76,117,77,118,1
76,118,77,119,1
76,116,77,117,1
75,118,76,119,1
76,119,77,120,1
75,119,76,120,1
74,119,75,120,1
52,119,73,121,0
53,120,72,122,0
54,121,71,123,0
55,122,70,124,0
56,123,68,125,0
57,124,67,126,0
58,125,66,127,0
59,126,65,128,0
60,127,64,137,0
61,135,62,136,5
1000.0,1000.0,0,0,-1
64,33,65,34,2
60,33,61,34,2
57,36,58,37,2
54,39,55,40,2
51,42,52,43,2
67,36,68,37,2
70,39,71,40,2
73,42,74,43,2
66,51,67,52,2
63,48,64,49,2
61,48,62,49,2
58,51,58,51,2
58,51,59,52,2
55,54,56,55,2
52,57,53,58,2
49,60,50,61,2
69,54,70,55,2
72,57,73,58,2
75,60,76,61,2
63,66,64,67,2
66,69,67,70,2
69,72,70,73,2
72,75,73,76,2
75,78,76,79,2
58,69,59,70,2
61,66,62,67,2
55,72,56,73,2
52,75,52,75,2
52,75,53,76,2
49,78,50,79,2
59,69,60,70,1
56,72,57,73,1
53,75,54,76,1
50,78,50,78,1
50,78,51,79,1
62,66,63,67,1
66,69,67,70,1
65,69,66,70,1
66,69,67,70,2
68,72,69,73,1
71,75,72,76,1
74,78,75,79,1
61,135,0,0,5
61,135,0,0,5
1000.0,1000.0,0,0,-1
64,33,65,34,2
60,33,61,34,2
57,36,58,37,2
54,39,55,40,2
51,42,52,43,2
67,36,68,37,2
70,39,71,40,2
73,42,74,43,2
66,51,67,52,2
63,48,64,49,2
61,48,62,49,2
58,51,58,51,2
58,51,59,52,2
55,54,56,55,2
52,57,53,58,2
49,60,50,61,2
69,54,70,55,2
72,57,73,58,2
75,60,76,61,2
63,66,64,67,2
66,69,67,70,2
69,72,70,73,2
72,75,73,76,2
75,78,76,79,2
58,69,59,70,2
61,66,62,67,2
55,72,56,73,2
52,75,52,75,2
52,75,53,76,2
49,78,50,79,2
59,69,60,70,1
56,72,57,73,1
53,75,54,76,1
50,78,50,78,1
50,78,51,79,1
62,66,63,67,1
66,69,67,70,1
65,69,66,70,1
66,69,67,70,2
68,72,69,73,1
71,75,72,76,1
74,78,75,79,1
59,51,60,52,1
62,48,63,49,1
65,51,66,52,1
68,54,68,54,1
71,57,72,58,1
68,54,69,55,1
74,60,75,61,1
56,54,57,55,1
53,57,54,58,1
50,60,50,60,1
50,60,51,61,1
64,81,65,82,3
60,81,61,82,3
62,79,63,80,3
57,84,57,84,3
57,84,58,85,3
54,87,55,88,3
51,90,52,91,3
48,93,49,94,3
67,84,68,85,3
70,87,71,88,3
73,90,74,91,3
76,93,77,94,3
74,90,75,91,0
71,87,72,88,0
68,84,69,85,0
65,81,66,82,0
62,78,63,79,0
59,81,60,82,0
56,84,57,85,0
53,87,54,88,0
50,90,51,91,0
59,84,60,85,0
60,84,61,85,3
64,84,65,85,3
62,84,63,85,0
62,81,63,82,0
65,84,66,85,0
56,87,57,88,0
68,87,69,88,0
53,90,54,91,0
71,90,72,91,0
62,121,63,122,2
62,127,65,137,0
65,127,65,127,0
66,126,67,127,0
65,127,66,128,0
67,125,68,126,0
68,124,69,125,0
62,135,63,136,5
62,135,63,136,5
62,135,63,136,5
66,1,70,15,1
65,2,66,16,2
61,135,0,0,5
61,135,0,0,5
1000.0,1000.0,0,0,-1
64,33,65,34,2
60,33,61,34,2
57,36,58,37,2
54,39,55,40,2
51,42,52,43,2
67,36,68,37,2
70,39,71,40,2
73,42,74,43,2
66,51,67,52,2
63,48,64,49,2
61,48,62,49,2
58,51,58,51,2
58,51,59,52,2
55,54,56,55,2
52,57,53,58,2
49,60,50,61,2
69,54,70,55,2
72,57,73,58,2
75,60,76,61,2
63,66,64,67,2
66,69,67,70,2
69,72,70,73,2
72,75,73,76,2
75,78,76,79,2
58,69,59,70,2
61,66,62,67,2
55,72,56,73,2
52,75,52,75,2
52,75,53,76,2
49,78,50,79,2
59,69,60,70,1
56,72,57,73,1
53,75,54,76,1
50,78,50,78,1
50,78,51,79,1
62,66,63,67,1
66,69,67,70,1
65,69,66,70,1
66,69,67,70,2
68,72,69,73,1
71,75,72,76,1
74,78,75,79,1
59,51,60,52,1
62,48,63,49,1
65,51,66,52,1
68,54,68,54,1
71,57,72,58,1
68,54,69,55,1
74,60,75,61,1
56,54,57,55,1
53,57,54,58,1
50,60,50,60,1
50,60,51,61,1
64,81,65,82,3
60,81,61,82,3
62,79,63,80,3
57,84,57,84,3
57,84,58,85,3
54,87,55,88,3
51,90,52,91,3
48,93,49,94,3
67,84,68,85,3
70,87,71,88,3
73,90,74,91,3
76,93,77,94,3
74,90,75,91,0
71,87,72,88,0
68,84,69,85,0
65,81,66,82,0
62,78,63,79,0
59,81,60,82,0
56,84,57,85,0
53,87,54,88,0
50,90,51,91,0
59,84,60,85,0
60,84,61,85,3
64,84,65,85,3
62,84,63,85,0
62,81,63,82,0
65,84,66,85,0
56,87,57,88,0
68,87,69,88,0
53,90,54,91,0
71,90,72,91,0
62,121,63,122,2
62,127,65,137,0
65,127,65,127,0
66,126,67,127,0
65,127,66,128,0
67,125,68,126,0
68,124,69,125,0
62,135,63,136,5
62,135,63,136,5
62,135,63,136,5
66,1,70,15,1
65,2,66,16,2
61,135,0,0,5
61,135,0,0,5
1000.0,1000.0,0,0,-1
65,33,66,34,0
68,36,69,37,0
71,39,72,40,0
74,42,75,43,0
59,33,60,34,0
56,36,57,37,0
53,39,54,40,0
50,42,51,43,0
61,135,0,0,5
61,135,0,0,5
61,135,0,0,5
61,135,0,0,5
62,135,0,0,5
62,135,0,0,5
62,135,0,0,5
61,135,0,0,5
61,135,0,0,5
62,135,0,0,5
62,135,0,0,5
62,135,0,0,5
61,135,0,0,5
61,135,0,0,5
1000.0,1000.0,0,0,-1
54,57,55,58,1
57,54,58,55,1
60,51,60,51,1
60,51,61,52,1
64,51,65,52,1
67,54,68,55,1
70,57,71,58,1
51,60,52,61,1
73,60,74,61,1
60,69,61,70,1
64,69,65,70,1
67,72,68,73,1
70,75,71,76,1
73,78,74,79,1
57,72,58,73,1
54,75,55,76,1
51,78,52,79,1
61,135,0,0,5
61,135,0,0,5
61,135,0,0,5
61,135,0,0,5
62,135,0,0,5
62,135,0,0,5
62,135,0,0,5
61,135,0,0,5
61,135,0,0,5
62,135,0,0,5
62,135,0,0,5
62,135,0,0,5
61,135,0,0,5
61,135,0,0,5
61,135,0,0,5
61,135,0,0,5
61,135,0,0,5
61,135,0,0,5
62,135,0,0,5
62,135,0,0,5
62,135,0,0,5
61,135,0,0,5
61,135,0,0,5
62,135,0,0,5
62,135,0,0,5
62,135,0,0,5
61,135,0,0,5
61,135,0,0,5
1000.0,1000.0,0,0,-1
62,45,0,0,6
62,45,63,46,6
63,45,0,0,6
63,45,64,46,6
62,46,0,0,6
62,46,63,47,6
63,46,0,0,6
63,46,64,47,6
50,45,0,0,6
50,45,51,46,6
76,45,0,0,6
76,45,77,46,6
75,45,0,0,6
75,45,76,46,6
1000.0,1000.0,0,0,-1
62,45,0,0,6
62,45,63,46,6
63,45,0,0,6
63,45,64,46,6
62,46,0,0,6
62,46,63,47,6
63,46,0,0,6
63,46,64,47,6
50,45,0,0,6
50,45,51,46,6
76,45,0,0,6
76,45,77,46,6
75,45,0,0,6
75,45,76,46,6
59,66,0,0,6
59,66,60,67,6
66,66,0,0,6
66,66,67,67,6
54,90,0,0,6
54,90,55,91,6
71,90,0,0,6
71,90,72,91,6
1000.0,1000.0,0,0,-1
62,45,0,0,6
62,45,63,46,6
63,45,0,0,6
63,45,64,46,6
62,46,0,0,6
62,46,63,47,6
63,46,0,0,6
63,46,64,47,6
50,45,0,0,6
50,45,51,46,6
76,45,0,0,6
76,45,77,46,6
75,45,0,0,6
75,45,76,46,6
59,66,0,0,6
59,66,60,67,6
66,66,0,0,6
66,66,67,67,6
54,90,0,0,6
54,90,55,91,6
71,90,0,0,6
71,90,72,91,6
1000.0,1000.0,0,0,-1
54,42,0,0,6
54,42,55,43,6
71,42,0,0,6
71,42,72,43,6
1000.0,1000.0,0,0,-1
54,42,0,0,6
54,42,55,43,6
71,42,0,0,6
71,42,72,43,6
1000.0,1000.0,0,0,-1
59,66,0,0,6
59,66,60,67,6
66,66,0,0,6
66,66,67,67,6
1000.0,1000.0,0,0,-1
65,66,0,0,6
65,66,66,67,6
60,66,0,0,6
60,66,61,67,6
1000.0,1000.0,0,0,-1
65,66,0,0,6
65,66,66,67,6
60,66,0,0,6
60,66,61,67,6
60,68,0,0,6
60,68,60,68,6
65,68,0,0,6
65,68,66,69,6
1000.0,1000.0,0,0,-1
65,66,0,0,6
65,66,66,67,6
60,66,0,0,6
60,66,61,67,6
60,68,0,0,6
60,68,60,68,6
65,68,0,0,6
65,68,66,69,6
62,72,63,73,1
1000.0,1000.0,0,0,-1
62,79,63,80,1
60,81,61,82,1
57,84,58,85,1
54,87,55,88,1
64,81,65,82,1
67,84,68,85,1
70,87,71,88,1
73,90,73,90,1
73,90,74,91,1
52,90,53,91,1
51,90,52,91,1
52,90,53,91,0
1000.0,1000.0,0,0,-1
62,30,63,31,1
57,36,58,37,1
67,36,68,37,1
73,42,74,43,1
51,42,51,42,1
51,42,52,43,1
53,51,54,52,1
59,45,60,46,1
65,45,66,46,1
71,51,72,52,1
65,51,65,51,0
65,51,66,52,0
64,51,65,52,0
60,51,61,52,0
59,51,60,52,0
57,54,58,55,0
56,54,57,55,0
54,57,55,58,0
53,57,54,58,0
51,60,52,61,0
50,60,51,61,0
70,57,71,58,0
71,57,72,58,0
68,54,69,55,0
67,54,68,55,0
62,48,63,49,0
74,60,75,61,0
73,60,74,61,0
62,42,63,43,1
63,48,64,49,1
61,48,62,49,1
55,54,56,55,1
49,60,50,61,1
66,51,67,52,1
69,54,70,55,1
75,60,76,61,1
66,51,67,52,2
62,60,63,61,1
56,66,57,67,1
50,72,51,73,1
68,66,69,67,1
74,72,75,73,1
62,66,63,67,0
60,69,61,70,0
59,69,60,70,0
65,69,65,69,0
65,69,65,69,0
64,69,65,70,0
65,69,65,69,0
65,69,65,69,0
65,69,66,70,0
67,72,68,73,0
68,72,69,73,0
70,75,71,76,0
71,75,72,76,0
73,78,74,79,0
74,78,74,78,0
57,72,57,72,0
56,72,57,73,0
57,72,58,73,0
54,75,55,76,0
53,75,54,76,0
51,78,52,79,0
50,78,51,79,0
55,72,56,73,1
49,78,50,79,1
69,72,70,73,1
75,78,76,79,1
74,78,75,79,0
61,66,62,67,1
63,66,64,67,1
59,75,60,76,1
65,75,66,76,1
71,81,72,82,1
53,81,54,82,1
51,93,52,94,0
52,96,53,97,0
57,93,58,94,0
58,96,58,96,0
56,90,57,91,0
58,96,59,97,0
62,87,63,88,0
62,90,63,91,0
60,93,61,94,0
64,93,65,94,0
62,96,63,97,0
61,96,62,97,0
63,96,63,96,0
69,96,70,97,0
70,93,71,94,0
73,93,74,94,0
72,96,73,97,0
67,93,68,94,0
66,96,66,96,0
63,96,64,97,0
66,96,67,97,0
65,90,66,91,0
65,87,66,88,0
68,90,68,90,0
76,93,77,94,0
75,96,76,97,0
68,90,69,91,0
59,87,60,88,0
59,90,60,91,0
60,85,61,86,0
60,84,61,85,0
64,84,65,85,0
54,93,55,94,0
55,96,56,97,0
49,96,50,97,0
48,93,49,94,0
62,85,63,86,3
58,88,59,89,3
66,88,67,89,3
70,93,71,94,3
66,89,67,90,3
58,89,59,90,3
54,93,55,94,3
58,88,59,89,0
66,88,67,89,0
60,93,61,94,3
64,93,65,94,3
50,107,75,115,0
59,118,64,122,0
49,103,64,104,2
49,103,65,104,0
53,115,54,116,2
62,109,63,110,2
68,111,69,112,2
71,110,71,110,2
72,116,72,116,2
63,118,63,118,2
56,118,57,119,2
59,112,60,113,2
68,116,69,117,2
74,109,75,110,2
75,116,75,116,2
63,123,64,124,2
61,116,62,117,2
51,108,52,109,2
51,108,75,117,0
54,115,64,121,0
62,121,64,125,0
62,110,63,111,1
61,111,62,112,1
63,111,64,112,1
64,112,65,113,1
47,114,48,115,1
47,115,48,116,1
60,112,60,112,1
60,112,61,113,1
59,113,60,114,1
65,113,66,114,1
66,114,67,115,1
67,115,68,116,1
68,116,69,117,1
69,117,70,118,1
58,114,59,115,1
57,115,58,116,1
56,116,57,117,1
55,117,56,118,1
56,118,57,119,1
57,119,58,120,1
58,120,59,121,1
59,121,60,122,1
60,122,61,123,1
61,123,62,124,1
62,124,63,125,1
63,123,64,124,1
64,122,65,123,1
65,121,66,122,1
66,120,67,121,1
67,119,68,120,1
68,118,68,118,1
68,118,69,119,1
1000.0,1000.0,0,0,-1
56,52,57,53,1
56,52,56,52,0
56,52,57,53,0
56,52,0,0,5
56,52,57,53,5
69,52,0,0,5
69,52,70,53,5
60,73,0,0,5
60,73,61,74,5
65,73,0,0,5
65,73,66,74,5
55,97,0,0,5
55,97,56,98,5
70,97,0,0,5
70,97,71,98,5
1000.0,1000.0,0,0,-1
56,52,57,53,1
56,52,56,52,0
56,52,57,53,0
56,52,0,0,5
56,52,57,53,5
69,52,0,0,5
69,52,70,53,5
60,73,0,0,5
60,73,61,74,5
65,73,0,0,5
65,73,66,74,5
55,97,0,0,5
55,97,56,98,5
70,97,0,0,5
70,97,71,98,5
70,97,0,0,6
70,97,71,98,0
55,97,0,0,6
55,97,56,98,0
1000.0,1000.0,0,0,-1
69,134,70,135,0
63,135,64,136,0
61,135,0,0,6
62,135,0,0,6
61,135,62,136,0
62,135,63,136,0
62,135,63,136,0
1000.0,1000.0,0,0,-1
69,134,70,135,0
63,135,64,136,0
61,135,0,0,6
62,135,0,0,6
61,135,62,136,0
62,135,63,136,0
62,135,63,136,0
1000.0,1000.0,0,0,-1
69,134,70,135,0
63,135,64,136,0
61,135,0,0,6
62,135,0,0,6
61,135,62,136,0
62,135,63,136,0
62,135,63,136,0
68,131,72,136,1
256.0,256.0,0,0,-1
62,133,63,134,1
62,133,63,134,0
1244.0,2674.0,0,1,1,1
1242.0,2674.0,0,1,1,1
1240.0,2674.0,0,1,1,1
1239.0,2674.0,0,1,1,1
1237.0,2674.0,0,1,1,1
1235.0,2674.0,0,1,1,1
1233.0,2674.0,0,1,1,1
1230.0,2674.0,0,1,1,1
1227.0,2674.0,0,1,1,1
1224.0,2674.0,0,1,1,1
1220.0,2674.0,0,1,1,1
1217.0,2674.0,0,1,1,1
1214.0,2674.0,0,1,1,1
1211.0,2674.0,0,1,1,1
1208.0,2674.0,0,1,1,1
1205.0,2674.0,0,1,1,1
1202.0,2674.0,0,1,1,1
1199.0,2674.0,0,1,1,1
1197.0,2674.0,0,1,1,1
1194.0,2674.0,0,1,1,1
1193.0,2674.0,0,1,1,1
1191.0,2674.0,0,1,1,1
1190.0,2674.0,0,1,1,1
1189.0,2674.0,0,1,1,1
1187.0,2674.0,0,1,1,1
1186.0,2674.0,0,1,1,1
1185.0,2674.0,0,1,1,1
1184.0,2674.0,0,1,1,1
1183.0,2674.0,0,1,1,1
1182.0,2674.0,0,1,1,1
1181.0,2674.0,0,1,1,1
1180.0,2674.0,0,1,1,1
1219.0,2673.0,0,1,0,1
1220.0,2673.0,0,1,0,1
1221.0,2673.0,0,1,0,1
1222.0,2673.0,0,1,0,1
1223.0,2673.0,0,1,0,1
1224.0,2673.0,0,1,0,1
1225.0,2673.0,0,1,0,1
1226.0,2673.0,0,1,0,1
1227.0,2673.0,0,1,0,1
1228.0,2673.0,0,1,0,1
1229.0,2673.0,0,1,0,1
1230.0,2673.0,0,1,0,1
1231.0,2673.0,0,1,0,1
1232.0,2673.0,0,1,0,1
1233.0,2673.0,0,1,0,1
1234.0,2673.0,0,1,0,1
1235.0,2673.0,0,1,0,1
1237.0,2673.0,0,1,0,1
1238.0,2673.0,0,1,0,1
1239.0,2673.0,0,1,0,1
1240.0,2673.0,0,1,0,1
1241.0,2673.0,0,1,0,1
1242.0,2673.0,0,1,0,1
1243.0,2673.0,0,1,0,1
1244.0,2673.0,0,1,0,1
1245.0,2673.0,0,1,0,1
1244.0,2673.0,0,1,0,1
1243.0,2673.0,0,1,0,1
1242.0,2673.0,0,1,0,1
1241.0,2673.0,0,1,0,1
1239.0,2673.0,0,1,0,1
1238.0,2673.0,0,1,0,1
1236.0,2673.0,0,1,0,1
1234.0,2673.0,0,1,0,1
1233.0,2673.0,0,1,0,1
1231.0,2673.0,0,1,0,1
1230.0,2673.0,0,1,0,1
1229.0,2673.0,0,1,0,1
1228.0,2673.0,0,1,0,1
1227.0,2673.0,0,1,0,1
1226.0,2673.0,0,1,0,1
1223.0,2673.0,0,1,0,1
1222.0,2673.0,0,1,0,1
1221.0,2673.0,0,1,0,1
1220.0,2673.0,0,1,0,1
1219.0,2673.0,0,1,0,1
1218.0,2673.0,0,1,0,1
1216.0,2673.0,0,1,0,1
1215.0,2673.0,0,1,0,1
1214.0,2673.0,0,1,0,1
1212.0,2673.0,0,1,0,1
1211.0,2673.0,0,1,0,1
1210.0,2673.0,0,1,0,1
1208.0,2673.0,0,1,0,1
1207.0,2673.0,0,1,0,1
1205.0,2673.0,0,1,0,1
1204.0,2673.0,0,1,0,1
1201.0,2673.0,0,1,0,1
1199.0,2673.0,0,1,0,1
1197.0,2673.0,0,1,0,1
1196.0,2673.0,0,1,0,1
1194.0,2673.0,0,1,0,1
1192.0,2673.0,0,1,0,1
1190.0,2673.0,0,1,0,1
1188.0,2673.0,0,1,0,1
1186.0,2673.0,0,1,0,1
1184.0,2673.0,0,1,0,1
1183.0,2673.0,0,1,0,1
1182.0,2673.0,0,1,0,1
1180.0,2673.0,0,1,0,1
1179.0,2673.0,0,1,0,1
1178.0,2673.0,0,1,0,1
1176.0,2673.0,0,1,0,1
1174.0,2673.0,0,1,0,1
1173.0,2673.0,0,1,0,1
1172.0,2673.0,0,1,0,1
1169.0,2673.0,0,1,0,1
1168.0,2673.0,0,1,0,1
1167.0,2673.0,0,1,0,1
1165.0,2673.0,0,1,0,1
1164.0,2673.0,0,1,0,1
1162.0,2673.0,0,1,0,1
1160.0,2673.0,0,1,0,1
1159.0,2673.0,0,1,0,1
1158.0,2673.0,0,1,0,1
1157.0,2673.0,0,1,0,1
1156.0,2673.0,0,1,0,1
1155.0,2673.0,0,1,0,1
1154.0,2673.0,0,1,0,1
1153.0,2673.0,0,1,0,1
1151.0,2673.0,0,1,0,1
1150.0,2673.0,0,1,0,1
1148.0,2673.0,0,1,0,1
1146.0,2673.0,0,1,0,1
1144.0,2672.0,0,1,0,1
1143.0,2672.0,0,1,0,1
1141.0,2672.0,0,1,0,1
1140.0,2672.0,0,1,0,1
1139.0,2672.0,0,1,0,1
1137.0,2672.0,0,1,0,1
1136.0,2672.0,0,1,0,1
1135.0,2671.0,0,1,0,1
1134.0,2671.0,0,1,0,1
1133.0,2671.0,0,1,0,1
1132.0,2671.0,0,1,0,1
1131.0,2671.0,0,1,0,1
1130.0,2671.0,0,1,0,1
1129.0,2671.0,0,1,0,1
1128.0,2671.0,0,1,0,1
1126.0,2671.0,0,1,0,1
1125.0,2671.0,0,1,0,1
1124.0,2671.0,0,1,0,1
1122.0,2671.0,0,1,0,1
1121.0,2671.0,0,1,0,1
1120.0,2671.0,0,1,0,1
1119.0,2671.0,0,1,0,1
1118.0,2671.0,0,1,0,1
1117.0,2671.0,0,1,0,1
1116.0,2671.0,0,1,0,1
1116.0,2670.0,0,1,0,1
1115.0,2670.0,0,1,0,1
1114.0,2670.0,0,1,0,1
1113.0,2670.0,0,1,0,1
1112.0,2670.0,0,1,0,1
1111.0,2670.0,0,1,0,1
1110.0,2670.0,0,1,0,1
1109.0,2670.0,0,1,0,1
1108.0,2670.0,0,1,0,1
1107.0,2670.0,0,1,0,1
1106.0,2670.0,0,1,0,1
1106.0,2671.0,0,1,0,1
1106.0,2672.0,0,1,0,1
1106.0,2673.0,0,1,0,1
1106.0,2674.0,0,1,0,1
1106.0,2675.0,0,1,0,1
1106.0,2676.0,0,1,0,1
1106.0,2677.0,0,1,0,1
1106.0,2678.0,0,1,0,1
1106.0,2679.0,0,1,0,1
1106.0,2680.0,0,1,0,1
1106.0,2681.0,0,1,0,1
1106.0,2682.0,0,1,0,1
1106.0,2683.0,0,1,0,1
1106.0,2684.0,0,1,0,1
1106.0,2685.0,0,1,0,1
1106.0,2686.0,0,1,0,1
1106.0,2687.0,0,1,0,1
1106.0,2688.0,0,1,0,1
1106.0,2689.0,0,1,0,1
1106.0,2690.0,0,1,0,1
1107.0,2690.0,0,1,0,1
1107.0,2692.0,0,1,0,1
1107.0,2693.0,0,1,0,1
1108.0,2694.0,0,1,0,1
1108.0,2695.0,0,1,0,1
1108.0,2696.0,0,1,0,1
1109.0,2697.0,0,1,0,1
1109.0,2698.0,0,1,0,1
1109.0,2699.0,0,1,0,1
1109.0,2700.0,0,1,0,1
1110.0,2700.0,0,1,0,1
1110.0,2701.0,0,1,0,1
1110.0,2702.0,0,1,0,1
1110.0,2703.0,0,1,0,1
1111.0,2703.0,0,1,0,1
1111.0,2704.0,0,1,0,1
1111.0,2705.0,0,1,0,1
1111.0,2707.0,0,1,0,1
1111.0,2708.0,0,1,0,1
1111.0,2709.0,0,1,0,1
1112.0,2710.0,0,1,0,1
1112.0,2711.0,0,1,0,1
1112.0,2712.0,0,1,0,1
1113.0,2713.0,0,1,0,1
1114.0,2714.0,0,1,0,1
1114.0,2715.0,0,1,0,1
1114.0,2716.0,0,1,0,1
1115.0,2717.0,0,1,0,1
1115.0,2718.0,0,1,0,1
1115.0,2719.0,0,1,0,1
1116.0,2719.0,0,1,0,1
1116.0,2720.0,0,1,0,1
1117.0,2721.0,0,1,0,1
1118.0,2722.0,0,1,0,1
1118.0,2723.0,0,1,0,1
1119.0,2723.0,0,1,0,1
1119.0,2724.0,0,1,0,1
1120.0,2724.0,0,1,0,1
1121.0,2724.0,0,1,0,1
1121.0,2725.0,0,1,0,1
1122.0,2725.0,0,1,0,1
1123.0,2725.0,0,1,0,1
1124.0,2726.0,0,1,0,1
1125.0,2726.0,0,1,0,1
1126.0,2726.0,0,1,0,1
1126.0,2727.0,0,1,0,1
1127.0,2727.0,0,1,0,1
1128.0,2727.0,0,1,0,1
1129.0,2727.0,0,1,0,1
1130.0,2728.0,0,1,0,1
1131.0,2728.0,0,1,0,1
1132.0,2728.0,0,1,0,1
1132.0,2729.0,0,1,0,1
1133.0,2729.0,0,1,0,1
1134.0,2729.0,0,1,0,1
1135.0,2729.0,0,1,0,1
1137.0,2729.0,0,1,0,1
1138.0,2729.0,0,1,0,1
1140.0,2730.0,0,1,0,1
1141.0,2730.0,0,1,0,1
1142.0,2730.0,0,1,0,1
1143.0,2730.0,0,1,0,1
1144.0,2730.0,0,1,0,1
1145.0,2730.0,0,1,0,1
1146.0,2730.0,0,1,0,1
1147.0,2730.0,0,1,0,1
1148.0,2730.0,0,1,0,1
1149.0,2730.0,0,1,0,1
1150.0,2730.0,0,1,0,1
1151.0,2729.0,0,1,0,1
1152.0,2729.0,0,1,0,1
1153.0,2728.0,0,1,0,1
1154.0,2728.0,0,1,0,1
1155.0,2728.0,0,1,0,1
1156.0,2728.0,0,1,0,1
1157.0,2728.0,0,1,0,1
1158.0,2727.0,0,1,0,1
1159.0,2727.0,0,1,0,1
1160.0,2727.0,0,1,0,1
1161.0,2726.0,0,1,0,1
1162.0,2726.0,0,1,0,1
1163.0,2726.0,0,1,0,1
1164.0,2726.0,0,1,0,1
1165.0,2726.0,0,1,0,1
1166.0,2725.0,0,1,0,1
1167.0,2725.0,0,1,0,1
1168.0,2725.0,0,1,0,1
1168.0,2724.0,0,1,0,1
1169.0,2724.0,0,1,0,1
1171.0,2724.0,0,1,0,1
1172.0,2724.0,0,1,0,1
1173.0,2724.0,0,1,0,1
1174.0,2724.0,0,1,0,1
1175.0,2724.0,0,1,0,1
1176.0,2724.0,0,1,0,1
1177.0,2724.0,0,1,0,1
1178.0,2724.0,0,1,0,1
1179.0,2724.0,0,1,0,1
1181.0,2724.0,0,1,0,1
1182.0,2724.0,0,1,0,1
1183.0,2724.0,0,1,0,1
1184.0,2724.0,0,1,0,1
1185.0,2724.0,0,1,0,1
1186.0,2724.0,0,1,0,1
1187.0,2724.0,0,1,0,1
1188.0,2724.0,0,1,0,1
1188.0,2723.0,0,1,0,1
1188.0,2722.0,0,1,0,1
1188.0,2721.0,0,1,0,1
1189.0,2721.0,0,1,0,1
1189.0,2720.0,0,1,0,1
1189.0,2718.0,0,1,0,1
1189.0,2717.0,0,1,0,1
1189.0,2716.0,0,1,0,1
1189.0,2715.0,0,1,0,1
1189.0,2714.0,0,1,0,1
1189.0,2713.0,0,1,0,1
1189.0,2711.0,0,1,0,1
1189.0,2710.0,0,1,0,1
1189.0,2709.0,0,1,0,1
1189.0,2707.0,0,1,0,1
1189.0,2706.0,0,1,0,1
1189.0,2705.0,0,1,0,1
1189.0,2703.0,0,1,0,1
1189.0,2702.0,0,1,0,1
1189.0,2701.0,0,1,0,1
1189.0,2700.0,0,1,0,1
1189.0,2698.0,0,1,0,1
1189.0,2697.0,0,1,0,1
1189.0,2696.0,0,1,0,1
1189.0,2695.0,0,1,0,1
1189.0,2694.0,0,1,0,1
1189.0,2693.0,0,1,0,1
1189.0,2692.0,0,1,0,1
1189.0,2691.0,0,1,0,1
1188.0,2691.0,0,1,0,1
1188.0,2690.0,0,1,0,1
1187.0,2690.0,0,1,0,1
1187.0,2689.0,0,1,0,1
1186.0,2689.0,0,1,0,1
1186.0,2688.0,0,1,0,1
1184.0,2688.0,0,1,0,1
1183.0,2688.0,0,1,0,1
1182.0,2688.0,0,1,0,1
1180.0,2688.0,0,1,0,1
1179.0,2688.0,0,1,0,1
1177.0,2688.0,0,1,0,1
1176.0,2688.0,0,1,0,1
1173.0,2689.0,0,1,0,1
1171.0,2689.0,0,1,0,1
1169.0,2689.0,0,1,0,1
1167.0,2690.0,0,1,0,1
1165.0,2690.0,0,1,0,1
1163.0,2690.0,0,1,0,1
1162.0,2690.0,0,1,0,1
1161.0,2690.0,0,1,0,1
1160.0,2691.0,0,1,0,1
1158.0,2691.0,0,1,0,1
1157.0,2691.0,0,1,0,1
1156.0,2691.0,0,1,0,1
1155.0,2691.0,0,1,0,1
1154.0,2691.0,0,1,0,1
1152.0,2691.0,0,1,0,1
1151.0,2691.0,0,1,0,1
1150.0,2691.0,0,1,0,1
1149.0,2691.0,0,1,0,1
1148.0,2691.0,0,1,0,1
1147.0,2691.0,0,1,0,1
1146.0,2691.0,0,1,0,1
1144.0,2691.0,0,1,0,1
1143.0,2691.0,0,1,0,1
1142.0,2691.0,0,1,0,1
1141.0,2691.0,0,1,0,1
1139.0,2691.0,0,1,0,1
1138.0,2691.0,0,1,0,1
1137.0,2691.0,0,1,0,1
1135.0,2691.0,0,1,0,1
1134.0,2691.0,0,1,0,1
1133.0,2691.0,0,1,0,1
1132.0,2691.0,0,1,0,1
1131.0,2691.0,0,1,0,1
1130.0,2691.0,0,1,0,1
1130.0,2692.0,0,1,0,1
1130.0,2693.0,0,1,0,1
1129.0,2694.0,0,1,0,1
1129.0,2695.0,0,1,0,1
1129.0,2696.0,0,1,0,1
1129.0,2697.0,0,1,0,1
1129.0,2698.0,0,1,0,1
1129.0,2699.0,0,1,0,1
1129.0,2700.0,0,1,0,1
1130.0,2701.0,0,1,0,1
1130.0,2702.0,0,1,0,1
1131.0,2702.0,0,1,0,1
1131.0,2703.0,0,1,0,1
1133.0,2704.0,0,1,0,1
1133.0,2705.0,0,1,0,1
1134.0,2705.0,0,1,0,1
1134.0,2706.0,0,1,0,1
1135.0,2706.0,0,1,0,1
1136.0,2706.0,0,1,0,1
1137.0,2706.0,0,1,0,1
1138.0,2706.0,0,1,0,1
1139.0,2706.0,0,1,0,1
1139.0,2707.0,0,1,0,1
1140.0,2707.0,0,1,0,1
1141.0,2707.0,0,1,0,1
1142.0,2707.0,0,1,0,1
1143.0,2707.0,0,1,0,1
1144.0,2707.0,0,1,0,1
1146.0,2707.0,0,1,0,1
1147.0,2707.0,0,1,0,1
1148.0,2707.0,0,1,0,1
1149.0,2707.0,0,1,0,1
1151.0,2707.0,0,1,0,1
1152.0,2707.0,0,1,0,1
1153.0,2707.0,0,1,0,1
1155.0,2707.0,0,1,0,1
1156.0,2707.0,0,1,0,1
1158.0,2707.0,0,1,0,1
1159.0,2707.0,0,1,0,1
1160.0,2707.0,0,1,0,1
1162.0,2707.0,0,1,0,1
1163.0,2707.0,0,1,0,1
1164.0,2707.0,0,1,0,1
1165.0,2707.0,0,1,0,1
1166.0,2707.0,0,1,0,1
1167.0,2707.0,0,1,0,1
1168.0,2707.0,0,1,0,1
1169.0,2707.0,0,1,0,1
1170.0,2707.0,0,1,0,1
256.0,256.0,0,0,-1
52,131,55,135,3
50,130,77,143,1
60,129,65,138,0
55,133,60,138,0
54,137,72,139,1
267.0,288.0,0,9,3,1
266.0,288.0,0,9,3,1
265.0,288.0,0,9,3,1
264.0,288.0,0,9,3,1
262.0,289.0,0,9,3,1
260.0,289.0,0,9,3,1
257.0,289.0,0,9,3,1
256.0,289.0,0,9,3,1
255.0,289.0,0,9,3,1
253.0,289.0,0,9,3,1
250.0,289.0,0,9,3,1
248.0,289.0,0,9,3,1
246.0,289.0,0,9,3,1
243.0,288.0,0,9,3,1
241.0,287.0,0,9,3,1
240.0,286.0,0,9,3,1
238.0,284.0,0,9,3,1
236.0,283.0,0,9,3,1
235.0,282.0,0,9,3,1
233.0,281.0,0,9,3,1
232.0,279.0,0,9,3,1
231.0,279.0,0,9,3,1
231.0,277.0,0,9,3,1
230.0,277.0,0,9,3,1
229.0,276.0,0,9,3,1
229.0,275.0,0,9,3,1
229.0,274.0,0,9,3,1
229.0,273.0,0,9,3,1
229.0,272.0,0,9,3,1
229.0,271.0,0,9,3,1
230.0,271.0,0,9,3,1
231.0,271.0,0,9,3,1
233.0,271.0,0,9,3,1
236.0,272.0,0,9,3,1
238.0,273.0,0,9,3,1
241.0,274.0,0,9,3,1
245.0,276.0,0,9,3,1
248.0,277.0,0,9,3,1
249.0,277.0,0,9,3,1
250.0,277.0,0,9,3,1
251.0,277.0,0,9,3,1
286.0,286.0,0,9,3,1
286.0,285.0,0,9,3,1
287.0,284.0,0,9,3,1
287.0,283.0,0,9,3,1
287.0,281.0,0,9,3,1
288.0,280.0,0,9,3,1
288.0,279.0,0,9,3,1
289.0,277.0,0,9,3,1
289.0,275.0,0,9,3,1
289.0,273.0,0,9,3,1
289.0,272.0,0,9,3,1
289.0,271.0,0,9,3,1
289.0,270.0,0,9,3,1
289.0,269.0,0,9,3,1
289.0,268.0,0,9,3,1
289.0,267.0,0,9,3,1
289.0,266.0,0,9,3,1
289.0,265.0,0,9,3,1
289.0,264.0,0,9,3,1
289.0,263.0,0,9,3,1
290.0,262.0,0,9,3,1
291.0,261.0,0,9,3,1
292.0,261.0,0,9,3,1
293.0,261.0,0,9,3,1
294.0,261.0,0,9,3,1
295.0,261.0,0,9,3,1
296.0,261.0,0,9,3,1
298.0,261.0,0,9,3,1
299.0,261.0,0,9,3,1
300.0,262.0,0,9,3,1
301.0,262.0,0,9,3,1
302.0,263.0,0,9,3,1
303.0,263.0,0,9,3,1
305.0,265.0,0,9,3,1
306.0,265.0,0,9,3,1
308.0,267.0,0,9,3,1
310.0,268.0,0,9,3,1
310.0,269.0,0,9,3,1
311.0,271.0,0,9,3,1
311.0,272.0,0,9,3,1
311.0,274.0,0,9,3,1
311.0,277.0,0,9,3,1
312.0,279.0,0,9,3,1
312.0,282.0,0,9,3,1
311.0,285.0,0,9,3,1
310.0,287.0,0,9,3,1
309.0,291.0,0,9,3,1
306.0,294.0,0,9,3,1
305.0,298.0,0,9,3,1
302.0,301.0,0,9,3,1
299.0,304.0,0,9,3,1
297.0,305.0,0,9,3,1
296.0,306.0,0,9,3,1
293.0,309.0,0,9,3,1
292.0,310.0,0,9,3,1
291.0,311.0,0,9,3,1
289.0,312.0,0,9,3,1
287.0,312.0,0,9,3,1
286.0,313.0,0,9,3,1
284.0,314.0,0,9,3,1
283.0,314.0,0,9,3,1
281.0,314.0,0,9,3,1
279.0,316.0,0,9,3,1
278.0,316.0,0,9,3,1
277.0,316.0,0,9,3,1
275.0,316.0,0,9,3,1
273.0,316.0,0,9,3,1
271.0,316.0,0,9,3,1
270.0,316.0,0,9,3,1
268.0,316.0,0,9,3,1
267.0,315.0,0,9,3,1
267.0,314.0,0,9,3,1
267.0,313.0,0,9,3,1
268.0,312.0,0,9,3,1
272.0,310.0,0,9,3,1
367.0,315.0,0,9,1,1
366.0,315.0,0,9,1,1
364.0,316.0,0,9,1,1
362.0,316.0,0,9,1,1
360.0,318.0,0,9,1,1
356.0,320.0,0,9,1,1
354.0,322.0,0,9,1,1
351.0,324.0,0,9,1,1
348.0,325.0,0,9,1,1
345.0,328.0,0,9,1,1
343.0,329.0,0,9,1,1
339.0,332.0,0,9,1,1
336.0,334.0,0,9,1,1
333.0,335.0,0,9,1,1
329.0,337.0,0,9,1,1
326.0,338.0,0,9,1,1
323.0,339.0,0,9,1,1
320.0,339.0,0,9,1,1
317.0,340.0,0,9,1,1
315.0,341.0,0,9,1,1
313.0,342.0,0,9,1,1
310.0,342.0,0,9,1,1
307.0,342.0,0,9,1,1
304.0,342.0,0,9,1,1
301.0,342.0,0,9,1,1
298.0,342.0,0,9,1,1
295.0,342.0,0,9,1,1
292.0,342.0,0,9,1,1
289.0,342.0,0,9,1,1
285.0,342.0,0,9,1,1
281.0,342.0,0,9,1,1
267.0,342.0,0,9,1,1
263.0,341.0,0,9,1,1
256.0,340.0,0,9,1,1
250.0,339.0,0,9,1,1
244.0,338.0,0,9,1,1
238.0,337.0,0,9,1,1
233.0,336.0,0,9,1,1
228.0,335.0,0,9,1,1
221.0,334.0,0,9,1,1
217.0,333.0,0,9,1,1
213.0,332.0,0,9,1,1
210.0,330.0,0,9,1,1
208.0,330.0,0,9,1,1
206.0,328.0,0,9,1,1
202.0,327.0,0,9,1,1
200.0,326.0,0,9,1,1
198.0,324.0,0,9,1,1
195.0,323.0,0,9,1,1
194.0,320.0,0,9,1,1
192.0,318.0,0,9,1,1
190.0,315.0,0,9,1,1
189.0,312.0,0,9,1,1
188.0,309.0,0,9,1,1
188.0,307.0,0,9,1,1
188.0,303.0,0,9,1,1
188.0,300.0,0,9,1,1
188.0,297.0,0,9,1,1
188.0,293.0,0,9,1,1
190.0,288.0,0,9,1,1
193.0,283.0,0,9,1,1
195.0,277.0,0,9,1,1
198.0,271.0,0,9,1,1
201.0,266.0,0,9,1,1
205.0,260.0,0,9,1,1
209.0,255.0,0,9,1,1
213.0,252.0,0,9,1,1
214.0,248.0,0,9,1,1
218.0,245.0,0,9,1,1
222.0,241.0,0,9,1,1
224.0,238.0,0,9,1,1
226.0,237.0,0,9,1,1
230.0,235.0,0,9,1,1
232.0,233.0,0,9,1,1
234.0,232.0,0,9,1,1
237.0,231.0,0,9,1,1
241.0,230.0,0,9,1,1
247.0,228.0,0,9,1,1
252.0,227.0,0,9,1,1
255.0,227.0,0,9,1,1
261.0,226.0,0,9,1,1
265.0,226.0,0,9,1,1
269.0,226.0,0,9,1,1
275.0,226.0,0,9,1,1
278.0,226.0,0,9,1,1
281.0,226.0,0,9,1,1
284.0,226.0,0,9,1,1
286.0,227.0,0,9,1,1
288.0,227.0,0,9,1,1
290.0,227.0,0,9,1,1
292.0,227.0,0,9,1,1
293.0,228.0,0,9,1,1
295.0,229.0,0,9,1,1
297.0,229.0,0,9,1,1
299.0,230.0,0,9,1,1
301.0,231.0,0,9,1,1
302.0,232.0,0,9,1,1
304.0,232.0,0,9,1,1
307.0,233.0,0,9,1,1
308.0,234.0,0,9,1,1
310.0,235.0,0,9,1,1
313.0,236.0,0,9,1,1
316.0,238.0,0,9,1,1
319.0,238.0,0,9,1,1
321.0,239.0,0,9,1,1
324.0,241.0,0,9,1,1
329.0,243.0,0,9,1,1
334.0,244.0,0,9,1,1
341.0,246.0,0,9,1,1
348.0,250.0,0,9,1,1
489.0,376.0,0,9,1,1
488.0,376.0,0,9,1,1
487.0,376.0,0,9,1,1
486.0,375.0,0,9,1,1
484.0,375.0,0,9,1,1
483.0,374.0,0,9,1,1
482.0,373.0,0,9,1,1
480.0,373.0,0,9,1,1
478.0,373.0,0,9,1,1
477.0,372.0,0,9,1,1
475.0,371.0,0,9,1,1
474.0,371.0,0,9,1,1
473.0,370.0,0,9,1,1
471.0,370.0,0,9,1,1
470.0,369.0,0,9,1,1
468.0,369.0,0,9,1,1
467.0,368.0,0,9,1,1
466.0,368.0,0,9,1,1
465.0,368.0,0,9,1,1
464.0,367.0,0,9,1,1
463.0,367.0,0,9,1,1
462.0,367.0,0,9,1,1
461.0,366.0,0,9,1,1
460.0,366.0,0,9,1,1
459.0,365.0,0,9,1,1
457.0,365.0,0,9,1,1
455.0,364.0,0,9,1,1
455.0,363.0,0,9,1,1
454.0,363.0,0,9,1,1
453.0,363.0,0,9,1,1
476.0,372.0,0,9,0,1
476.0,373.0,0,9,0,1
477.0,373.0,0,9,0,1
478.0,373.0,0,9,0,1
479.0,373.0,0,9,0,1
480.0,374.0,0,9,0,1
481.0,374.0,0,9,0,1
483.0,375.0,0,9,0,1
484.0,375.0,0,9,0,1
485.0,376.0,0,9,0,1
486.0,376.0,0,9,0,1
487.0,376.0,0,9,0,1
488.0,376.0,0,9,0,1
489.0,376.0,0,9,0,1
489.0,377.0,0,9,0,1
491.0,377.0,0,9,0,1
492.0,377.0,0,9,0,1
494.0,377.0,0,9,0,1
494.0,378.0,0,9,0,1
496.0,378.0,0,9,0,1
497.0,378.0,0,9,0,1
499.0,378.0,0,9,0,1
499.0,379.0,0,9,0,1
500.0,379.0,0,9,0,1
501.0,379.0,0,9,0,1
502.0,380.0,0,9,0,1
503.0,380.0,0,9,0,1
504.0,380.0,0,9,0,1
505.0,380.0,0,9,0,1
504.0,380.0,0,9,0,1
502.0,380.0,0,9,0,1
501.0,379.0,0,9,0,1
499.0,378.0,0,9,0,1
496.0,378.0,0,9,0,1
496.0,377.0,0,9,0,1
493.0,377.0,0,9,0,1
491.0,376.0,0,9,0,1
490.0,376.0,0,9,0,1
488.0,375.0,0,9,0,1
485.0,373.0,0,9,0,1
483.0,373.0,0,9,0,1
481.0,372.0,0,9,0,1
478.0,371.0,0,9,0,1
475.0,371.0,0,9,0,1
473.0,370.0,0,9,0,1
471.0,370.0,0,9,0,1
468.0,368.0,0,9,0,1
465.0,367.0,0,9,0,1
462.0,366.0,0,9,0,1
460.0,366.0,0,9,0,1
457.0,365.0,0,9,0,1
454.0,364.0,0,9,0,1
451.0,363.0,0,9,0,1
449.0,361.0,0,9,0,1
447.0,360.0,0,9,0,1
445.0,360.0,0,9,0,1
444.0,359.0,0,9,0,1
443.0,359.0,0,9,0,1
441.0,357.0,0,9,0,1
440.0,357.0,0,9,0,1
440.0,356.0,0,9,0,1
438.0,356.0,0,9,0,1
437.0,356.0,0,9,0,1
435.0,354.0,0,9,0,1
434.0,353.0,0,9,0,1
433.0,353.0,0,9,0,1
432.0,352.0,0,9,0,1
429.0,351.0,0,9,0,1
428.0,350.0,0,9,0,1
426.0,350.0,0,9,0,1
425.0,349.0,0,9,0,1
423.0,348.0,0,9,0,1
421.0,347.0,0,9,0,1
420.0,347.0,0,9,0,1
418.0,347.0,0,9,0,1
417.0,346.0,0,9,0,1
416.0,346.0,0,9,0,1
414.0,345.0,0,9,0,1
413.0,345.0,0,9,0,1
412.0,345.0,0,9,0,1
409.0,344.0,0,9,0,1
407.0,343.0,0,9,0,1
405.0,342.0,0,9,0,1
403.0,342.0,0,9,0,1
402.0,341.0,0,9,0,1
401.0,341.0,0,9,0,1
400.0,340.0,0,9,0,1
399.0,340.0,0,9,0,1
398.0,340.0,0,9,0,1
397.0,340.0,0,9,0,1
396.0,339.0,0,9,0,1
396.0,338.0,0,9,0,1
395.0,338.0,0,9,0,1
394.0,338.0,0,9,0,1
393.0,337.0,0,9,0,1
393.0,336.0,0,9,0,1
391.0,336.0,0,9,0,1
391.0,335.0,0,9,0,1
390.0,334.0,0,9,0,1
389.0,333.0,0,9,0,1
388.0,332.0,0,9,0,1
387.0,332.0,0,9,0,1
386.0,330.0,0,9,0,1
385.0,330.0,0,9,0,1
384.0,329.0,0,9,0,1
383.0,328.0,0,9,0,1
381.0,327.0,0,9,0,1
380.0,325.0,0,9,0,1
378.0,325.0,0,9,0,1
377.0,323.0,0,9,0,1
376.0,323.0,0,9,0,1
374.0,322.0,0,9,0,1
373.0,321.0,0,9,0,1
372.0,321.0,0,9,0,1
371.0,319.0,0,9,0,1
369.0,319.0,0,9,0,1
368.0,318.0,0,9,0,1
367.0,317.0,0,9,0,1
366.0,316.0,0,9,0,1
365.0,316.0,0,9,0,1
363.0,315.0,0,9,0,1
362.0,314.0,0,9,0,1
361.0,314.0,0,9,0,1
360.0,313.0,0,9,0,1
359.0,312.0,0,9,0,1
358.0,312.0,0,9,0,1
358.0,311.0,0,9,0,1
356.0,311.0,0,9,0,1
355.0,309.0,0,9,0,1
354.0,309.0,0,9,0,1
353.0,309.0,0,9,0,1
352.0,307.0,0,9,0,1
351.0,307.0,0,9,0,1
350.0,307.0,0,9,0,1
349.0,307.0,0,9,0,1
349.0,306.0,0,9,0,1
347.0,306.0,0,9,0,1
346.0,305.0,0,9,0,1
345.0,305.0,0,9,0,1
344.0,305.0,0,9,0,1
344.0,304.0,0,9,0,1
342.0,304.0,0,9,0,1
342.0,303.0,0,9,0,1
341.0,303.0,0,9,0,1
340.0,302.0,0,9,0,1
339.0,302.0,0,9,0,1
338.0,301.0,0,9,0,1
337.0,301.0,0,9,0,1
336.0,300.0,0,9,0,1
335.0,299.0,0,9,0,1
334.0,299.0,0,9,0,1
333.0,298.0,0,9,0,1
332.0,297.0,0,9,0,1
331.0,296.0,0,9,0,1
330.0,296.0,0,9,0,1
330.0,295.0,0,9,0,1
328.0,294.0,0,9,0,1
327.0,294.0,0,9,0,1
326.0,293.0,0,9,0,1
325.0,292.0,0,9,0,1
324.0,291.0,0,9,0,1
323.0,290.0,0,9,0,1
322.0,289.0,0,9,0,1
321.0,288.0,0,9,0,1
320.0,287.0,0,9,0,1
318.0,287.0,0,9,0,1
318.0,286.0,0,9,0,1
316.0,286.0,0,9,0,1
316.0,285.0,0,9,0,1
315.0,285.0,0,9,0,1
313.0,284.0,0,9,0,1
313.0,283.0,0,9,0,1
312.0,283.0,0,9,0,1
311.0,282.0,0,9,0,1
311.0,281.0,0,9,0,1
309.0,281.0,0,9,0,1
308.0,280.0,0,9,0,1
307.0,279.0,0,9,0,1
306.0,279.0,0,9,0,1
305.0,278.0,0,9,0,1
304.0,278.0,0,9,0,1
303.0,278.0,0,9,0,1
302.0,278.0,0,9,0,1
301.0,278.0,0,9,0,1
299.0,277.0,0,9,0,1
299.0,276.0,0,9,0,1
298.0,276.0,0,9,0,1
297.0,276.0,0,9,0,1
296.0,276.0,0,9,0,1
295.0,276.0,0,9,0,1
294.0,276.0,0,9,0,1
293.0,276.0,0,9,0,1
293.0,275.0,0,9,0,1
292.0,275.0,0,9,0,1
291.0,275.0,0,9,0,1
290.0,275.0,0,9,0,1
289.0,275.0,0,9,0,1
288.0,275.0,0,9,0,1
287.0,275.0,0,9,0,1
286.0,275.0,0,9,0,1
285.0,275.0,0,9,0,1
284.0,274.0,0,9,0,1
283.0,274.0,0,9,0,1
282.0,274.0,0,9,0,1
281.0,273.0,0,9,0,1
279.0,273.0,0,9,0,1
277.0,272.0,0,9,0,1
276.0,272.0,0,9,0,1
274.0,272.0,0,9,0,1
274.0,271.0,0,9,0,1
273.0,271.0,0,9,0,1
272.0,270.0,0,9,0,1
271.0,270.0,0,9,0,1
270.0,270.0,0,9,0,1
269.0,270.0,0,9,0,1
268.0,270.0,0,9,0,1
267.0,270.0,0,9,0,1
266.0,269.0,0,9,0,1
265.0,269.0,0,9,0,1
263.0,269.0,0,9,0,1
263.0,268.0,0,9,0,1
262.0,268.0,0,9,0,1
262.0,267.0,0,9,0,1
261.0,267.0,0,9,0,1
451.0,274.0,0,9,1,1
452.0,274.0,0,9,1,1
453.0,275.0,0,9,1,1
454.0,275.0,0,9,1,1
456.0,278.0,0,9,1,1
458.0,279.0,0,9,1,1
460.0,281.0,0,9,1,1
464.0,283.0,0,9,1,1
467.0,285.0,0,9,1,1
469.0,286.0,0,9,1,1
472.0,287.0,0,9,1,1
473.0,288.0,0,9,1,1
475.0,289.0,0,9,1,1
476.0,289.0,0,9,1,1
476.0,290.0,0,9,1,1
478.0,290.0,0,9,1,1
480.0,291.0,0,9,1,1
481.0,291.0,0,9,1,1
482.0,292.0,0,9,1,1
483.0,292.0,0,9,1,1
484.0,293.0,0,9,1,1
486.0,294.0,0,9,1,1
487.0,295.0,0,9,1,1
488.0,296.0,0,9,1,1
489.0,296.0,0,9,1,1
490.0,297.0,0,9,1,1
490.0,298.0,0,9,1,1
294.0,286.0,0,9,0,1
555.0,271.0,0,9,1,1
555.0,272.0,0,9,1,1
555.0,273.0,0,9,1,1
555.0,275.0,0,9,1,1
556.0,277.0,0,9,1,1
556.0,279.0,0,9,1,1
556.0,280.0,0,9,1,1
557.0,283.0,0,9,1,1
557.0,284.0,0,9,1,1
557.0,286.0,0,9,1,1
557.0,287.0,0,9,1,1
557.0,289.0,0,9,1,1
557.0,291.0,0,9,1,1
557.0,293.0,0,9,1,1
557.0,294.0,0,9,1,1
557.0,295.0,0,9,1,1
557.0,296.0,0,9,1,1
557.0,297.0,0,9,1,1
256.0,256.0,0,0,-1
239.0,259.0,0,9,2,1
241.0,258.0,0,9,2,1
243.0,258.0,0,9,2,1
247.0,258.0,0,9,2,1
250.0,256.0,0,9,2,1
256.0,255.0,0,9,2,1
258.0,255.0,0,9,2,1
262.0,254.0,0,9,2,1
266.0,253.0,0,9,2,1
270.0,253.0,0,9,2,1
273.0,253.0,0,9,2,1
276.0,253.0,0,9,2,1
279.0,253.0,0,9,2,1
283.0,253.0,0,9,2,1
285.0,253.0,0,9,2,1
287.0,253.0,0,9,2,1
288.0,253.0,0,9,2,1
289.0,254.0,0,9,2,1
291.0,256.0,0,9,2,1
292.0,258.0,0,9,2,1
293.0,260.0,0,9,2,1
294.0,261.0,0,9,2,1
242.0,241.0,0,9,1,1
242.0,235.0,0,9,1,1
242.0,232.0,0,9,1,1
242.0,229.0,0,9,1,1
242.0,227.0,0,9,1,1
244.0,223.0,0,9,1,1
244.0,222.0,0,9,1,1
245.0,221.0,0,9,1,1
246.0,221.0,0,9,1,1
247.0,221.0,0,9,1,1
247.0,223.0,0,9,1,1
247.0,227.0,0,9,1,1
247.0,230.0,0,9,1,1
246.0,233.0,0,9,1,1
245.0,237.0,0,9,1,1
243.0,242.0,0,9,1,1
242.0,245.0,0,9,1,1
239.0,251.0,0,9,1,1
239.0,253.0,0,9,1,1
237.0,255.0,0,9,1,1
236.0,258.0,0,9,1,1
235.0,259.0,0,9,1,1
234.0,261.0,0,9,1,1
233.0,261.0,0,9,1,1
232.0,263.0,0,9,1,1
231.0,264.0,0,9,1,1
229.0,265.0,0,9,1,1
227.0,266.0,0,9,1,1
226.0,266.0,0,9,1,1
223.0,267.0,0,9,1,1
222.0,268.0,0,9,1,1
221.0,268.0,0,9,1,1
219.0,269.0,0,9,1,1
217.0,270.0,0,9,1,1
216.0,271.0,0,9,1,1
214.0,272.0,0,9,1,1
214.0,273.0,0,9,1,1
212.0,276.0,0,9,1,1
212.0,277.0,0,9,1,1
212.0,281.0,0,9,1,1
212.0,283.0,0,9,1,1
212.0,288.0,0,9,1,1
212.0,291.0,0,9,1,1
212.0,296.0,0,9,1,1
213.0,298.0,0,9,1,1
215.0,301.0,0,9,1,1
217.0,305.0,0,9,1,1
218.0,306.0,0,9,1,1
221.0,310.0,0,9,1,1
223.0,312.0,0,9,1,1
227.0,316.0,0,9,1,1
235.0,321.0,0,9,1,1
239.0,324.0,0,9,1,1
244.0,327.0,0,9,1,1
253.0,329.0,0,9,1,1
261.0,330.0,0,9,1,1
271.0,331.0,0,9,1,1
280.0,331.0,0,9,1,1
290.0,331.0,0,9,1,1
301.0,331.0,0,9,1,1
311.0,325.0,0,9,1,1
320.0,320.0,0,9,1,1
327.0,312.0,0,9,1,1
335.0,304.0,0,9,1,1
342.0,297.0,0,9,1,1
345.0,291.0,0,9,1,1
350.0,284.0,0,9,1,1
351.0,279.0,0,9,1,1
353.0,274.0,0,9,1,1
354.0,270.0,0,9,1,1
355.0,264.0,0,9,1,1
355.0,258.0,0,9,1,1
355.0,254.0,0,9,1,1
355.0,249.0,0,9,1,1
355.0,245.0,0,9,1,1
355.0,241.0,0,9,1,1
355.0,236.0,0,9,1,1
355.0,232.0,0,9,1,1
355.0,229.0,0,9,1,1
355.0,226.0,0,9,1,1
355.0,225.0,0,9,1,1
355.0,224.0,0,9,1,1
355.0,223.0,0,9,1,1
356.0,223.0,0,9,1,1
359.0,223.0,0,9,1,1
364.0,224.0,0,9,1,1
370.0,227.0,0,9,1,1
379.0,230.0,0,9,1,1
388.0,238.0,0,9,1,1
401.0,247.0,0,9,1,1
411.0,256.0,0,9,1,1
424.0,264.0,0,9,1,1
436.0,269.0,0,9,1,1
446.0,277.0,0,9,1,1
454.0,283.0,0,9,1,1
464.0,295.0,0,9,1,1
471.0,302.0,0,9,1,1
476.0,311.0,0,9,1,1
481.0,322.0,0,9,1,1
485.0,331.0,0,9,1,1
486.0,340.0,0,9,1,1
487.0,349.0,0,9,1,1
488.0,356.0,0,9,1,1
488.0,361.0,0,9,1,1
488.0,367.0,0,9,1,1
488.0,371.0,0,9,1,1
488.0,375.0,0,9,1,1
488.0,380.0,0,9,1,1
487.0,383.0,0,9,1,1
485.0,386.0,0,9,1,1
483.0,390.0,0,9,1,1
483.0,391.0,0,9,1,1
480.0,396.0,0,9,1,1
477.0,399.0,0,9,1,1
475.0,402.0,0,9,1,1
473.0,403.0,0,9,1,1
470.0,406.0,0,9,1,1
466.0,410.0,0,9,1,1
463.0,414.0,0,9,1,1
460.0,416.0,0,9,1,1
458.0,419.0,0,9,1,1
456.0,421.0,0,9,1,1
452.0,425.0,0,9,1,1
450.0,425.0,0,9,1,1
447.0,427.0,0,9,1,1
444.0,428.0,0,9,1,1
442.0,429.0,0,9,1,1
442.0,430.0,0,9,1,1
442.0,432.0,0,9,1,1
445.0,435.0,0,9,1,1
451.0,440.0,0,9,1,1
456.0,444.0,0,9,1,1
465.0,447.0,0,9,1,1
475.0,453.0,0,9,1,1
485.0,456.0,0,9,1,1
495.0,461.0,0,9,1,1
507.0,465.0,0,9,1,1
520.0,468.0,0,9,1,1
531.0,469.0,0,9,1,1
543.0,471.0,0,9,1,1
553.0,472.0,0,9,1,1
561.0,473.0,0,9,1,1
572.0,473.0,0,9,1,1
579.0,473.0,0,9,1,1
581.0,473.0,0,9,1,1
583.0,473.0,0,9,1,1
584.0,473.0,0,9,1,1
585.0,473.0,0,9,1,1
586.0,473.0,0,9,1,1
586.0,471.0,0,9,1,1
586.0,470.0,0,9,1,1
586.0,467.0,0,9,1,1
586.0,466.0,0,9,1,1
586.0,464.0,0,9,1,1
586.0,462.0,0,9,1,1
586.0,458.0,0,9,1,1
586.0,455.0,0,9,1,1
586.0,453.0,0,9,1,1
586.0,450.0,0,9,1,1
586.0,448.0,0,9,1,1
586.0,447.0,0,9,1,1
586.0,444.0,0,9,1,1
585.0,444.0,0,9,1,1
585.0,442.0,0,9,1,1
256.0,256.0,0,0,-1
32,23,0,0,-2
62,5,0,0,4
130,73,0,0,-3
57,135,0,0,7
62,5,0,0,-2
62,117,0,0,4
62,117,0,0,-2
62,5,0,0,4
TheCreator,0,0,0,-4
