256.0,256.0,0,0,-1
251.0,211.0,0,7,0,1
254.0,211.0,0,7,0,1
258.0,211.0,0,7,0,1
262.0,211.0,0,7,0,1
264.0,212.0,0,7,0,1
265.0,212.0,0,7,0,1
266.0,212.0,0,7,0,1
267.0,213.0,0,7,0,1
268.0,213.0,0,7,0,1
272.0,214.0,0,7,0,1
274.0,214.0,0,7,0,1
281.0,216.0,0,7,0,1
283.0,216.0,0,7,0,1
300.0,219.0,0,7,0,1
306.0,220.0,0,7,0,1
309.0,221.0,0,7,0,1
313.0,221.0,0,7,0,1
318.0,221.0,0,7,0,1
323.0,222.0,0,7,0,1
325.0,222.0,0,7,0,1
326.0,222.0,0,7,0,1
336.0,224.0,0,7,0,1
343.0,224.0,0,7,0,1
352.0,225.0,0,7,0,1
361.0,225.0,0,7,0,1
372.0,225.0,0,7,0,1
380.0,225.0,0,7,0,1
387.0,225.0,0,7,0,1
393.0,225.0,0,7,0,1
401.0,225.0,0,7,0,1
409.0,225.0,0,7,0,1
412.0,225.0,0,7,0,1
414.0,225.0,0,7,0,1
422.0,225.0,0,7,0,1
434.0,225.0,0,7,0,1
438.0,225.0,0,7,0,1
454.0,225.0,0,7,0,1
469.0,228.0,0,7,0,1
478.0,229.0,0,7,0,1
487.0,232.0,0,7,0,1
505.0,237.0,0,7,0,1
512.0,240.0,0,7,0,1
551.0,258.0,0,7,0,1
560.0,262.0,0,7,0,1
565.0,264.0,0,7,0,1
573.0,267.0,0,7,0,1
579.0,270.0,0,7,0,1
583.0,273.0,0,7,0,1
601.0,282.0,0,7,0,1
608.0,288.0,0,7,0,1
616.0,294.0,0,7,0,1
632.0,306.0,0,7,0,1
648.0,321.0,0,7,0,1
655.0,329.0,0,7,0,1
663.0,336.0,0,7,0,1
675.0,350.0,0,7,0,1
679.0,355.0,0,7,0,1
683.0,359.0,0,7,0,1
686.0,363.0,0,7,0,1
702.0,378.0,0,7,0,1
711.0,387.0,0,7,0,1
721.0,397.0,0,7,0,1
726.0,400.0,0,7,0,1
734.0,409.0,0,7,0,1
741.0,415.0,0,7,0,1
743.0,417.0,0,7,0,1
745.0,419.0,0,7,0,1
745.0,420.0,0,7,0,1
746.0,420.0,0,7,0,1
773.0,416.0,0,5,0,1
774.0,414.0,0,5,0,1
774.0,413.0,0,5,0,1
778.0,409.0,0,5,0,1
779.0,408.0,0,5,0,1
781.0,405.0,0,5,0,1
782.0,404.0,0,5,0,1
782.0,403.0,0,5,0,1
785.0,400.0,0,5,0,1
786.0,399.0,0,5,0,1
788.0,397.0,0,5,0,1
789.0,395.0,0,5,0,1
792.0,392.0,0,5,0,1
795.0,389.0,0,5,0,1
796.0,387.0,0,5,0,1
799.0,384.0,0,5,0,1
802.0,381.0,0,5,0,1
804.0,377.0,0,5,0,1
807.0,375.0,0,5,0,1
810.0,372.0,0,5,0,1
814.0,367.0,0,5,0,1
818.0,364.0,0,5,0,1
823.0,360.0,0,5,0,1
824.0,357.0,0,5,0,1
829.0,353.0,0,5,0,1
835.0,347.0,0,5,0,1
842.0,342.0,0,5,0,1
844.0,339.0,0,5,0,1
847.0,336.0,0,5,0,1
853.0,332.0,0,5,0,1
858.0,329.0,0,5,0,1
860.0,327.0,0,5,0,1
870.0,321.0,0,5,0,1
874.0,319.0,0,5,0,1
878.0,315.0,0,5,0,1
886.0,312.0,0,5,0,1
892.0,309.0,0,5,0,1
896.0,308.0,0,5,0,1
905.0,303.0,0,5,0,1
914.0,299.0,0,5,0,1
918.0,297.0,0,5,0,1
926.0,295.0,0,5,0,1
938.0,290.0,0,5,0,1
942.0,288.0,0,5,0,1
954.0,285.0,0,5,0,1
960.0,284.0,0,5,0,1
971.0,282.0,0,5,0,1
979.0,281.0,0,5,0,1
990.0,281.0,0,5,0,1
995.0,281.0,0,5,0,1
1007.0,281.0,0,5,0,1
1011.0,281.0,0,5,0,1
1023.0,281.0,0,5,0,1
1027.0,281.0,0,5,0,1
1032.0,281.0,0,5,0,1
1047.0,281.0,0,5,0,1
1053.0,281.0,0,5,0,1
1068.0,281.0,0,5,0,1
1074.0,281.0,0,5,0,1
1080.0,282.0,0,5,0,1
1084.0,283.0,0,5,0,1
1089.0,284.0,0,5,0,1
1093.0,286.0,0,5,0,1
1097.0,287.0,0,5,0,1
1099.0,288.0,0,5,0,1
1102.0,289.0,0,5,0,1
1103.0,290.0,0,5,0,1
1106.0,291.0,0,5,0,1
1109.0,292.0,0,5,0,1
1111.0,292.0,0,5,0,1
1114.0,294.0,0,5,0,1
1117.0,296.0,0,5,0,1
1120.0,296.0,0,5,0,1
1121.0,297.0,0,5,0,1
1122.0,297.0,0,5,0,1
1124.0,298.0,0,5,0,1
1126.0,299.0,0,5,0,1
1138.0,306.0,0,5,0,1
1147.0,312.0,0,5,0,1
1154.0,318.0,0,5,0,1
1158.0,321.0,0,5,0,1
1159.0,322.0,0,5,0,1
1160.0,324.0,0,5,0,1
1161.0,326.0,0,5,0,1
1161.0,327.0,0,5,0,1
1163.0,329.0,0,5,0,1
1164.0,332.0,0,5,0,1
1164.0,333.0,0,5,0,1
1166.0,337.0,0,5,0,1
1167.0,339.0,0,5,0,1
1168.0,342.0,0,5,0,1
1169.0,345.0,0,5,0,1
1171.0,349.0,0,5,0,1
1171.0,352.0,0,5,0,1
1173.0,357.0,0,5,0,1
1177.0,369.0,0,5,0,1
1180.0,375.0,0,5,0,1
1181.0,379.0,0,5,0,1
1181.0,380.0,0,5,0,1
1181.0,382.0,0,5,0,1
1182.0,385.0,0,5,0,1
1182.0,387.0,0,5,0,1
1182.0,388.0,0,5,0,1
1182.0,389.0,0,5,0,1
1182.0,391.0,0,5,0,1
1182.0,393.0,0,5,0,1
1182.0,395.0,0,5,0,1
1182.0,397.0,0,5,0,1
1182.0,399.0,0,5,0,1
1182.0,401.0,0,5,0,1
1182.0,403.0,0,5,0,1
1236.0,458.0,0,9,0,1
1236.0,459.0,0,9,0,1
1237.0,459.0,0,9,0,1
1237.0,460.0,0,9,0,1
1237.0,461.0,0,9,0,1
1238.0,462.0,0,9,0,1
1238.0,463.0,0,9,0,1
1238.0,464.0,0,9,0,1
1239.0,464.0,0,9,0,1
1239.0,465.0,0,9,0,1
1240.0,466.0,0,9,0,1
1241.0,467.0,0,9,0,1
1241.0,469.0,0,9,0,1
1242.0,470.0,0,9,0,1
1242.0,471.0,0,9,0,1
1243.0,472.0,0,9,0,1
1243.0,473.0,0,9,0,1
1243.0,474.0,0,9,0,1
1244.0,475.0,0,9,0,1
1244.0,476.0,0,9,0,1
1244.0,477.0,0,9,0,1
1244.0,478.0,0,9,0,1
1245.0,479.0,0,9,0,1
1245.0,480.0,0,9,0,1
1245.0,481.0,0,9,0,1
1246.0,483.0,0,9,0,1
1246.0,484.0,0,9,0,1
1247.0,486.0,0,9,0,1
1247.0,487.0,0,9,0,1
1247.0,488.0,0,9,0,1
1248.0,488.0,0,9,0,1
1247.0,488.0,0,9,0,1
1246.0,488.0,0,9,0,1
1246.0,487.0,0,9,0,1
1245.0,485.0,0,9,0,1
1245.0,483.0,0,9,0,1
1245.0,480.0,0,9,0,1
1247.0,478.0,0,9,0,1
1249.0,476.0,0,9,0,1
1250.0,475.0,0,9,0,1
1252.0,474.0,0,9,0,1
1254.0,473.0,0,9,0,1
1256.0,472.0,0,9,0,1
1261.0,470.0,0,9,0,1
1264.0,469.0,0,9,0,1
1265.0,469.0,0,9,0,1
1266.0,469.0,0,9,0,1
1268.0,469.0,0,9,0,1
1269.0,469.0,0,9,0,1
1271.0,475.0,0,9,0,1
1273.0,479.0,0,9,0,1
1278.0,486.0,0,9,0,1
1279.0,487.0,0,9,0,1
1281.0,490.0,0,9,0,1
1281.0,491.0,0,9,0,1
1281.0,492.0,0,9,0,1
1281.0,493.0,0,9,0,1
1281.0,494.0,0,9,0,1
1281.0,495.0,0,9,0,1
1281.0,497.0,0,9,0,1
1281.0,500.0,0,9,0,1
1279.0,501.0,0,9,0,1
1276.0,504.0,0,9,0,1
1274.0,506.0,0,9,0,1
1272.0,507.0,0,9,0,1
1270.0,509.0,0,9,0,1
1268.0,510.0,0,9,0,1
1266.0,511.0,0,9,0,1
1265.0,511.0,0,9,0,1
1264.0,512.0,0,9,0,1
1262.0,513.0,0,9,0,1
1261.0,513.0,0,9,0,1
1259.0,514.0,0,9,0,1
1257.0,514.0,0,9,0,1
1256.0,515.0,0,9,0,1
1255.0,515.0,0,9,0,1
1251.0,515.0,0,9,0,1
1250.0,516.0,0,9,0,1
1247.0,516.0,0,9,0,1
1244.0,516.0,0,9,0,1
1241.0,516.0,0,9,0,1
1239.0,516.0,0,9,0,1
1238.0,516.0,0,9,0,1
1236.0,516.0,0,9,0,1
1235.0,516.0,0,9,0,1
1233.0,516.0,0,9,0,1
1232.0,516.0,0,9,0,1
1228.0,513.0,0,9,0,1
1227.0,512.0,0,9,0,1
1226.0,511.0,0,9,0,1
1225.0,509.0,0,9,0,1
1225.0,507.0,0,9,0,1
1225.0,505.0,0,9,0,1
1225.0,504.0,0,9,0,1
1225.0,502.0,0,9,0,1
1225.0,501.0,0,9,0,1
1225.0,498.0,0,9,0,1
1225.0,497.0,0,9,0,1
1140.0,599.0,0,3,0,1
1137.0,599.0,0,3,0,1
1125.0,602.0,0,3,0,1
1120.0,604.0,0,3,0,1
1118.0,605.0,0,3,0,1
1115.0,606.0,0,3,0,1
1112.0,607.0,0,3,0,1
1106.0,608.0,0,3,0,1
1093.0,611.0,0,3,0,1
1086.0,613.0,0,3,0,1
1081.0,614.0,0,3,0,1
1076.0,617.0,0,3,0,1
1072.0,618.0,0,3,0,1
1068.0,619.0,0,3,0,1
1053.0,625.0,0,3,0,1
1046.0,627.0,0,3,0,1
1041.0,628.0,0,3,0,1
1033.0,631.0,0,3,0,1
1027.0,633.0,0,3,0,1
1008.0,638.0,0,3,0,1
990.0,646.0,0,3,0,1
970.0,652.0,0,3,0,1
949.0,659.0,0,3,0,1
925.0,668.0,0,3,0,1
906.0,673.0,0,3,0,1
889.0,681.0,0,3,0,1
878.0,686.0,0,3,0,1
856.0,700.0,0,3,0,1
847.0,707.0,0,3,0,1
835.0,714.0,0,3,0,1
826.0,721.0,0,3,0,1
806.0,736.0,0,3,0,1
790.0,748.0,0,3,0,1
780.0,755.0,0,3,0,1
768.0,766.0,0,3,0,1
762.0,771.0,0,3,0,1
757.0,777.0,0,3,0,1
752.0,780.0,0,3,0,1
747.0,786.0,0,3,0,1
745.0,789.0,0,3,0,1
740.0,793.0,0,3,0,1
739.0,794.0,0,3,0,1
735.0,796.0,0,3,0,1
732.0,800.0,0,3,0,1
728.0,802.0,0,3,0,1
724.0,805.0,0,3,0,1
724.0,806.0,0,3,0,1
722.0,906.0,0,6,0,1
720.0,923.0,0,6,0,1
719.0,932.0,0,6,0,1
718.0,949.0,0,6,0,1
718.0,955.0,0,6,0,1
717.0,957.0,0,6,0,1
717.0,959.0,0,6,0,1
716.0,964.0,0,6,0,1
716.0,969.0,0,6,0,1
715.0,976.0,0,6,0,1
715.0,985.0,0,6,0,1
715.0,995.0,0,6,0,1
714.0,1006.0,0,6,0,1
712.0,1020.0,0,6,0,1
712.0,1028.0,0,6,0,1
708.0,1047.0,0,6,0,1
706.0,1066.0,0,6,0,1
705.0,1086.0,0,6,0,1
704.0,1103.0,0,6,0,1
703.0,1112.0,0,6,0,1
702.0,1119.0,0,6,0,1
701.0,1125.0,0,6,0,1
700.0,1130.0,0,6,0,1
699.0,1136.0,0,6,0,1
699.0,1139.0,0,6,0,1
698.0,1145.0,0,6,0,1
698.0,1151.0,0,6,0,1
696.0,1165.0,0,6,0,1
696.0,1171.0,0,6,0,1
695.0,1175.0,0,6,0,1
695.0,1183.0,0,6,0,1
694.0,1194.0,0,6,0,1
694.0,1199.0,0,6,0,1
693.0,1202.0,0,6,0,1
693.0,1207.0,0,6,0,1
693.0,1219.0,0,6,0,1
693.0,1222.0,0,6,0,1
693.0,1226.0,0,6,0,1
693.0,1229.0,0,6,0,1
693.0,1234.0,0,6,0,1
693.0,1236.0,0,6,0,1
693.0,1237.0,0,6,0,1
694.0,1071.0,0,3,0,1
695.0,1070.0,0,3,0,1
696.0,1069.0,0,3,0,1
697.0,1068.0,0,3,0,1
699.0,1068.0,0,3,0,1
700.0,1067.0,0,3,0,1
704.0,1065.0,0,3,0,1
707.0,1065.0,0,3,0,1
714.0,1065.0,0,3,0,1
721.0,1065.0,0,3,0,1
735.0,1064.0,0,3,0,1
754.0,1063.0,0,3,0,1
767.0,1063.0,0,3,0,1
802.0,1063.0,0,3,0,1
827.0,1062.0,0,3,0,1
837.0,1061.0,0,3,0,1
850.0,1061.0,0,3,0,1
886.0,1060.0,0,3,0,1
916.0,1058.0,0,3,0,1
927.0,1057.0,0,3,0,1
955.0,1052.0,0,3,0,1
961.0,1050.0,0,3,0,1
966.0,1049.0,0,3,0,1
987.0,1046.0,0,3,0,1
999.0,1045.0,0,3,0,1
1009.0,1045.0,0,3,0,1
1025.0,1044.0,0,3,0,1
1045.0,1043.0,0,3,0,1
1080.0,1043.0,0,3,0,1
1125.0,1043.0,0,3,0,1
1138.0,1043.0,0,3,0,1
1150.0,1043.0,0,3,0,1
1187.0,1043.0,0,3,0,1
1210.0,1043.0,0,3,0,1
1281.0,1043.0,0,3,0,1
1301.0,1043.0,0,3,0,1
1361.0,1043.0,0,3,0,1
1380.0,1043.0,0,3,0,1
1414.0,1043.0,0,3,0,1
1421.0,1043.0,0,3,0,1
1423.0,1043.0,0,3,0,1
1424.0,1043.0,0,3,0,1
1249.0,1068.0,0,3,0,1
1248.0,1083.0,0,3,0,1
1247.0,1100.0,0,3,0,1
1246.0,1119.0,0,3,0,1
1244.0,1152.0,0,3,0,1
1244.0,1166.0,0,3,0,1
1244.0,1181.0,0,3,0,1
1242.0,1209.0,0,3,0,1
1241.0,1218.0,0,3,0,1
1239.0,1248.0,0,3,0,1
1238.0,1256.0,0,3,0,1
1237.0,1274.0,0,3,0,1
1236.0,1281.0,0,3,0,1
1231.0,1325.0,0,3,0,1
1231.0,1343.0,0,3,0,1
1231.0,1358.0,0,3,0,1
1231.0,1370.0,0,3,0,1
1231.0,1385.0,0,3,0,1
1230.0,1395.0,0,3,0,1
1230.0,1397.0,0,3,0,1
1230.0,1403.0,0,3,0,1
1230.0,1405.0,0,3,0,1
1230.0,1410.0,0,3,0,1
1230.0,1418.0,0,3,0,1
1229.0,1425.0,0,3,0,1
1229.0,1426.0,0,3,0,1
613.0,1065.0,0,3,0,1
607.0,1065.0,0,3,0,1
595.0,1065.0,0,3,0,1
588.0,1065.0,0,3,0,1
559.0,1065.0,0,3,0,1
547.0,1065.0,0,3,0,1
489.0,1066.0,0,3,0,1
473.0,1067.0,0,3,0,1
436.0,1070.0,0,3,0,1
424.0,1071.0,0,3,0,1
383.0,1071.0,0,3,0,1
372.0,1071.0,0,3,0,1
343.0,1071.0,0,3,0,1
305.0,1071.0,0,3,0,1
296.0,1071.0,0,3,0,1
275.0,1071.0,0,3,0,1
259.0,1072.0,0,3,0,1
254.0,1073.0,0,3,0,1
250.0,1073.0,0,3,0,1
248.0,1073.0,0,3,0,1
245.0,1073.0,0,3,0,1
236.0,1074.0,0,3,0,1
233.0,1074.0,0,3,0,1
234.0,1089.0,0,3,0,1
220.0,1126.0,0,3,0,1
217.0,1140.0,0,3,0,1
215.0,1148.0,0,3,0,1
215.0,1151.0,0,3,0,1
214.0,1163.0,0,3,0,1
213.0,1170.0,0,3,0,1
212.0,1174.0,0,3,0,1
212.0,1179.0,0,3,0,1
212.0,1193.0,0,3,0,1
211.0,1203.0,0,3,0,1
210.0,1228.0,0,3,0,1
209.0,1238.0,0,3,0,1
209.0,1252.0,0,3,0,1
208.0,1262.0,0,3,0,1
207.0,1272.0,0,3,0,1
205.0,1290.0,0,3,0,1
203.0,1311.0,0,3,0,1
201.0,1324.0,0,3,0,1
201.0,1326.0,0,3,0,1
200.0,1329.0,0,3,0,1
197.0,1339.0,0,3,0,1
196.0,1347.0,0,3,0,1
192.0,1360.0,0,3,0,1
191.0,1367.0,0,3,0,1
188.0,1372.0,0,3,0,1
230.0,1078.0,0,3,0,1
230.0,1075.0,0,3,0,1
230.0,1071.0,0,3,0,1
230.0,1066.0,0,3,0,1
230.0,1032.0,0,3,0,1
230.0,1023.0,0,3,0,1
230.0,997.0,0,3,0,1
230.0,986.0,0,3,0,1
232.0,955.0,0,3,0,1
235.0,929.0,0,3,0,1
236.0,912.0,0,3,0,1
236.0,894.0,0,3,0,1
236.0,877.0,0,3,0,1
236.0,869.0,0,3,0,1
236.0,859.0,0,3,0,1
234.0,843.0,0,3,0,1
232.0,818.0,0,3,0,1
229.0,806.0,0,3,0,1
228.0,789.0,0,3,0,1
228.0,785.0,0,3,0,1
228.0,783.0,0,3,0,1
227.0,781.0,0,3,0,1
227.0,780.0,0,3,0,1
227.0,779.0,0,3,0,1
227.0,778.0,0,3,0,1
226.0,776.0,0,3,0,1
226.0,775.0,0,3,0,1
226.0,774.0,0,3,0,1
1260.0,1011.0,0,3,0,1
1259.0,993.0,0,3,0,1
1258.0,977.0,0,3,0,1
1258.0,945.0,0,3,0,1
1257.0,940.0,0,3,0,1
1257.0,939.0,0,3,0,1
1256.0,937.0,0,3,0,1
1256.0,936.0,0,3,0,1
1256.0,933.0,0,3,0,1
1255.0,931.0,0,3,0,1
1255.0,928.0,0,3,0,1
1255.0,922.0,0,3,0,1
1254.0,910.0,0,3,0,1
1254.0,907.0,0,3,0,1
1254.0,903.0,0,3,0,1
1253.0,882.0,0,3,0,1
1253.0,872.0,0,3,0,1
1252.0,864.0,0,3,0,1
1252.0,860.0,0,3,0,1
1252.0,856.0,0,3,0,1
1251.0,855.0,0,3,0,1
1251.0,853.0,0,3,0,1
1251.0,849.0,0,3,0,1
1251.0,846.0,0,3,0,1
1250.0,843.0,0,3,0,1
1250.0,839.0,0,3,0,1
1250.0,836.0,0,3,0,1
1250.0,830.0,0,3,0,1
1250.0,822.0,0,3,0,1
1250.0,818.0,0,3,0,1
1250.0,815.0,0,3,0,1
1250.0,813.0,0,3,0,1
1250.0,812.0,0,3,0,1
1250.0,811.0,0,3,0,1
1250.0,810.0,0,3,0,1
1250.0,809.0,0,3,0,1
1250.0,808.0,0,3,0,1
1442.0,1045.0,0,3,0,1
1443.0,1045.0,0,3,0,1
1446.0,1045.0,0,3,0,1
1450.0,1045.0,0,3,0,1
1452.0,1045.0,0,3,0,1
1457.0,1045.0,0,3,0,1
1460.0,1045.0,0,3,0,1
1462.0,1045.0,0,3,0,1
1475.0,1045.0,0,3,0,1
1485.0,1045.0,0,3,0,1
1491.0,1045.0,0,3,0,1
1507.0,1045.0,0,3,0,1
1520.0,1044.0,0,3,0,1
1535.0,1039.0,0,3,0,1
1553.0,1032.0,0,3,0,1
1569.0,1025.0,0,3,0,1
1578.0,1021.0,0,3,0,1
1593.0,1015.0,0,3,0,1
1606.0,1009.0,0,3,0,1
1618.0,1003.0,0,3,0,1
1634.0,992.0,0,3,0,1
1649.0,981.0,0,3,0,1
1669.0,965.0,0,3,0,1
1689.0,948.0,0,3,0,1
1712.0,927.0,0,3,0,1
1722.0,917.0,0,3,0,1
1745.0,898.0,0,3,0,1
1766.0,877.0,0,3,0,1
1785.0,863.0,0,3,0,1
1794.0,858.0,0,3,0,1
1802.0,851.0,0,3,0,1
1812.0,845.0,0,3,0,1
1822.0,839.0,0,3,0,1
1862.0,819.0,0,3,0,1
1879.0,810.0,0,3,0,1
1888.0,805.0,0,3,0,1
1904.0,797.0,0,3,0,1
1560.0,1063.0,0,3,0,1
1567.0,1062.0,0,3,0,1
1569.0,1062.0,0,3,0,1
1570.0,1062.0,0,3,0,1
1573.0,1062.0,0,3,0,1
1574.0,1062.0,0,3,0,1
1576.0,1063.0,0,3,0,1
1580.0,1065.0,0,3,0,1
1584.0,1068.0,0,3,0,1
1600.0,1079.0,0,3,0,1
1608.0,1084.0,0,3,0,1
1631.0,1100.0,0,3,0,1
1645.0,1109.0,0,3,0,1
1661.0,1120.0,0,3,0,1
1666.0,1124.0,0,3,0,1
1673.0,1128.0,0,3,0,1
1676.0,1132.0,0,3,0,1
1687.0,1143.0,0,3,0,1
1693.0,1147.0,0,3,0,1
1698.0,1156.0,0,3,0,1
1703.0,1162.0,0,3,0,1
1707.0,1168.0,0,3,0,1
1713.0,1177.0,0,3,0,1
1719.0,1188.0,0,3,0,1
1726.0,1197.0,0,3,0,1
1732.0,1206.0,0,3,0,1
1739.0,1220.0,0,3,0,1
1745.0,1231.0,0,3,0,1
1751.0,1244.0,0,3,0,1
1760.0,1264.0,0,3,0,1
1768.0,1282.0,0,3,0,1
1774.0,1298.0,0,3,0,1
1781.0,1317.0,0,3,0,1
1786.0,1329.0,0,3,0,1
1788.0,1338.0,0,3,0,1
1795.0,1356.0,0,3,0,1
1796.0,1359.0,0,3,0,1
1798.0,1363.0,0,3,0,1
1800.0,1373.0,0,3,0,1
1802.0,1379.0,0,3,0,1
1803.0,1381.0,0,3,0,1
1805.0,1387.0,0,3,0,1
1812.0,1401.0,0,3,0,1
1814.0,1407.0,0,3,0,1
1815.0,1410.0,0,3,0,1
1816.0,1411.0,0,3,0,1
1817.0,1413.0,0,3,0,1
1822.0,1484.0,0,3,0,1
1822.0,1486.0,0,3,0,1
1821.0,1491.0,0,3,0,1
1821.0,1496.0,0,3,0,1
1820.0,1503.0,0,3,0,1
1819.0,1510.0,0,3,0,1
1815.0,1539.0,0,3,0,1
1810.0,1556.0,0,3,0,1
1807.0,1575.0,0,3,0,1
1802.0,1593.0,0,3,0,1
1793.0,1617.0,0,3,0,1
1788.0,1629.0,0,3,0,1
1783.0,1640.0,0,3,0,1
1778.0,1649.0,0,3,0,1
1773.0,1659.0,0,3,0,1
1760.0,1681.0,0,3,0,1
1749.0,1698.0,0,3,0,1
1729.0,1720.0,0,3,0,1
1709.0,1742.0,0,3,0,1
1683.0,1764.0,0,3,0,1
1659.0,1785.0,0,3,0,1
1634.0,1802.0,0,3,0,1
1606.0,1820.0,0,3,0,1
1577.0,1838.0,0,3,0,1
1530.0,1860.0,0,3,0,1
1502.0,1870.0,0,3,0,1
1451.0,1887.0,0,3,0,1
1438.0,1890.0,0,3,0,1
1430.0,1893.0,0,3,0,1
1416.0,1897.0,0,3,0,1
1401.0,1900.0,0,3,0,1
1395.0,1901.0,0,3,0,1
1393.0,1901.0,0,3,0,1
1373.0,1901.0,0,3,0,1
1232.0,1492.0,0,3,0,1
1232.0,1493.0,0,3,0,1
1232.0,1495.0,0,3,0,1
1232.0,1498.0,0,3,0,1
1232.0,1500.0,0,3,0,1
1232.0,1502.0,0,3,0,1
1231.0,1517.0,0,3,0,1
1231.0,1530.0,0,3,0,1
1231.0,1546.0,0,3,0,1
1230.0,1561.0,0,3,0,1
1229.0,1572.0,0,3,0,1
1228.0,1599.0,0,3,0,1
1227.0,1610.0,0,3,0,1
1227.0,1618.0,0,3,0,1
1227.0,1627.0,0,3,0,1
1226.0,1634.0,0,3,0,1
1223.0,1650.0,0,3,0,1
1220.0,1677.0,0,3,0,1
1217.0,1696.0,0,3,0,1
1217.0,1706.0,0,3,0,1
1217.0,1732.0,0,3,0,1
1217.0,1738.0,0,3,0,1
1217.0,1744.0,0,3,0,1
1217.0,1759.0,0,3,0,1
1217.0,1768.0,0,3,0,1
1213.0,1789.0,0,3,0,1
1212.0,1803.0,0,3,0,1
1211.0,1814.0,0,3,0,1
1207.0,1857.0,0,3,0,1
1207.0,1888.0,0,3,0,1
1207.0,1905.0,0,3,0,1
1207.0,1916.0,0,3,0,1
1207.0,1922.0,0,3,0,1
1208.0,1925.0,0,3,0,1
1209.0,1929.0,0,3,0,1
1209.0,1933.0,0,3,0,1
1213.0,1933.0,0,3,0,1
1217.0,1933.0,0,3,0,1
1218.0,1931.0,0,3,0,1
1219.0,1930.0,0,3,0,1
1221.0,1928.0,0,3,0,1
1222.0,1926.0,0,3,0,1
1223.0,1923.0,0,3,0,1
1223.0,1922.0,0,3,0,1
1226.0,1920.0,0,3,0,1
1227.0,1920.0,0,3,0,1
1233.0,1918.0,0,3,0,1
1237.0,1917.0,0,3,0,1
1242.0,1917.0,0,3,0,1
1272.0,1915.0,0,3,0,1
1276.0,1915.0,0,3,0,1
1282.0,1915.0,0,3,0,1
1286.0,1915.0,0,3,0,1
1291.0,1915.0,0,3,0,1
1292.0,1915.0,0,3,0,1
1293.0,1915.0,0,3,0,1
1297.0,1915.0,0,3,0,1
1306.0,1915.0,0,3,0,1
1307.0,1915.0,0,3,0,1
1308.0,1915.0,0,3,0,1
1185.0,1971.0,0,3,0,1
1183.0,1973.0,0,3,0,1
1179.0,1976.0,0,3,0,1
1166.0,1991.0,0,3,0,1
1159.0,1999.0,0,3,0,1
1134.0,2027.0,0,3,0,1
1122.0,2040.0,0,3,0,1
1072.0,2100.0,0,3,0,1
1037.0,2140.0,0,3,0,1
1010.0,2171.0,0,3,0,1
979.0,2209.0,0,3,0,1
938.0,2259.0,0,3,0,1
915.0,2287.0,0,3,0,1
893.0,2313.0,0,3,0,1
884.0,2321.0,0,3,0,1
861.0,2346.0,0,3,0,1
859.0,2349.0,0,3,0,1
857.0,2351.0,0,3,0,1
856.0,2352.0,0,3,0,1
856.0,2353.0,0,3,0,1
855.0,2353.0,0,3,0,1
1215.0,1951.0,0,3,0,1
1215.0,1954.0,0,3,0,1
1221.0,1971.0,0,3,0,1
1237.0,2007.0,0,3,0,1
1282.0,2079.0,0,3,0,1
1310.0,2119.0,0,3,0,1
1332.0,2147.0,0,3,0,1
1351.0,2169.0,0,3,0,1
1369.0,2193.0,0,3,0,1
1412.0,2246.0,0,3,0,1
1434.0,2269.0,0,3,0,1
1455.0,2286.0,0,3,0,1
1477.0,2303.0,0,3,0,1
1492.0,2314.0,0,3,0,1
1501.0,2322.0,0,3,0,1
1512.0,2330.0,0,3,0,1
1528.0,2340.0,0,3,0,1
1529.0,2341.0,0,3,0,1
1530.0,2342.0,0,3,0,1
896.0,2348.0,0,3,0,1
916.0,2351.0,0,3,0,1
923.0,2353.0,0,3,0,1
958.0,2355.0,0,3,0,1
981.0,2356.0,0,3,0,1
994.0,2357.0,0,3,0,1
999.0,2357.0,0,3,0,1
1004.0,2357.0,0,3,0,1
1044.0,2360.0,0,3,0,1
1064.0,2362.0,0,3,0,1
1079.0,2364.0,0,3,0,1
1117.0,2369.0,0,3,0,1
1143.0,2369.0,0,3,0,1
1182.0,2369.0,0,3,0,1
1199.0,2371.0,0,3,0,1
1224.0,2373.0,0,3,0,1
1241.0,2374.0,0,3,0,1
1249.0,2374.0,0,3,0,1
1269.0,2374.0,0,3,0,1
1298.0,2374.0,0,3,0,1
1314.0,2371.0,0,3,0,1
1330.0,2370.0,0,3,0,1
1361.0,2370.0,0,3,0,1
1382.0,2370.0,0,3,0,1
1401.0,2370.0,0,3,0,1
1427.0,2370.0,0,3,0,1
1439.0,2370.0,0,3,0,1
1459.0,2370.0,0,3,0,1
1477.0,2372.0,0,3,0,1
1496.0,2372.0,0,3,0,1
1501.0,2372.0,0,3,0,1
1513.0,2372.0,0,3,0,1
1517.0,2372.0,0,3,0,1
1522.0,2372.0,0,3,0,1
1527.0,2372.0,0,3,0,1
1533.0,2372.0,0,3,0,1
1195.0,2411.0,0,3,0,1
1195.0,2414.0,0,3,0,1
1195.0,2426.0,0,3,0,1
1195.0,2438.0,0,3,0,1
1193.0,2469.0,0,3,0,1
1190.0,2545.0,0,3,0,1
1183.0,2611.0,0,3,0,1
1183.0,2618.0,0,3,0,1
1182.0,2648.0,0,3,0,1
1182.0,2657.0,0,3,0,1
1182.0,2669.0,0,3,0,1
1182.0,2675.0,0,3,0,1
1182.0,2682.0,0,3,0,1
1182.0,2698.0,0,3,0,1
1182.0,2708.0,0,3,0,1
1182.0,2723.0,0,3,0,1
1182.0,2733.0,0,3,0,1
1182.0,2740.0,0,3,0,1
1182.0,2757.0,0,3,0,1
1182.0,2770.0,0,3,0,1
1182.0,2778.0,0,3,0,1
1182.0,2785.0,0,3,0,1
1182.0,2788.0,0,3,0,1
1182.0,2795.0,0,3,0,1
1182.0,2796.0,0,3,0,1
1189.0,2955.0,0,9,0,1
1185.0,2962.0,0,9,0,1
1185.0,2963.0,0,9,0,1
1183.0,2965.0,0,9,0,1
1183.0,2967.0,0,9,0,1
1182.0,2970.0,0,9,0,1
1181.0,2971.0,0,9,0,1
1180.0,2975.0,0,9,0,1
1180.0,2978.0,0,9,0,1
1180.0,2981.0,0,9,0,1
1179.0,2984.0,0,9,0,1
1179.0,2986.0,0,9,0,1
1179.0,2990.0,0,9,0,1
1179.0,2991.0,0,9,0,1
1179.0,2992.0,0,9,0,1
1179.0,2994.0,0,9,0,1
1179.0,2995.0,0,9,0,1
1179.0,2996.0,0,9,0,1
1180.0,2992.0,0,9,0,1
1184.0,2978.0,0,9,0,1
1185.0,2972.0,0,9,0,1
1186.0,2968.0,0,9,0,1
1186.0,2967.0,0,9,0,1
1189.0,2961.0,0,9,0,1
1190.0,2959.0,0,9,0,1
1190.0,2961.0,0,9,0,1
1190.0,2966.0,0,9,0,1
1189.0,2970.0,0,9,0,1
1189.0,2972.0,0,9,0,1
1189.0,2975.0,0,9,0,1
1246.0,1192.0,0,5,3,1
1246.0,1193.0,0,5,3,1
1246.0,1194.0,0,5,3,1
1246.0,1196.0,0,5,3,1
1246.0,1197.0,0,5,3,1
1246.0,1198.0,0,5,3,1
1246.0,1199.0,0,5,3,1
1246.0,1200.0,0,5,3,1
1246.0,1201.0,0,5,3,1
1246.0,1204.0,0,5,3,1
1246.0,1206.0,0,5,3,1
1246.0,1207.0,0,5,3,1
1246.0,1208.0,0,5,3,1
1246.0,1209.0,0,5,3,1
1246.0,1212.0,0,5,3,1
1246.0,1214.0,0,5,3,1
1246.0,1219.0,0,5,3,1
1246.0,1221.0,0,5,3,1
1246.0,1224.0,0,5,3,1
1246.0,1226.0,0,5,3,1
1245.0,1228.0,0,5,3,1
1245.0,1236.0,0,5,3,1
1244.0,1237.0,0,5,3,1
1244.0,1239.0,0,5,3,1
1244.0,1243.0,0,5,3,1
1243.0,1248.0,0,5,3,1
1243.0,1249.0,0,5,3,1
1243.0,1254.0,0,5,3,1
1243.0,1258.0,0,5,3,1
1242.0,1267.0,0,5,3,1
1242.0,1269.0,0,5,3,1
1242.0,1275.0,0,5,3,1
1241.0,1282.0,0,5,3,1
1241.0,1286.0,0,5,3,1
1241.0,1288.0,0,5,3,1
1241.0,1291.0,0,5,3,1
1241.0,1292.0,0,5,3,1
1241.0,1312.0,0,5,3,1
1241.0,1332.0,0,5,3,1
1241.0,1352.0,0,5,3,1
1241.0,1372.0,0,5,3,1
1241.0,1392.0,0,5,3,1
1241.0,1412.0,0,5,3,1
1241.0,1413.0,0,5,3,1
1241.0,1415.0,0,5,3,1
1241.0,1418.0,0,5,3,1
1241.0,1419.0,0,5,3,1
1241.0,1421.0,0,5,3,1
1241.0,1422.0,0,5,3,1
1240.0,1427.0,0,5,3,1
1240.0,1431.0,0,5,3,1
1240.0,1435.0,0,5,3,1
1239.0,1441.0,0,5,3,1
1238.0,1444.0,0,5,3,1
1237.0,1447.0,0,5,3,1
1236.0,1453.0,0,5,3,1
1236.0,1456.0,0,5,3,1
1235.0,1459.0,0,5,3,1
1234.0,1464.0,0,5,3,1
1234.0,1467.0,0,5,3,1
1234.0,1470.0,0,5,3,1
1234.0,1474.0,0,5,3,1
1234.0,1478.0,0,5,3,1
1234.0,1483.0,0,5,3,1
1234.0,1490.0,0,5,3,1
1234.0,1495.0,0,5,3,1
1234.0,1499.0,0,5,3,1
1234.0,1501.0,0,5,3,1
1234.0,1502.0,0,5,3,1
1234.0,1503.0,0,5,3,1
1234.0,1523.0,0,5,3,1
1234.0,1543.0,0,5,3,1
1234.0,1563.0,0,5,3,1
1234.0,1583.0,0,5,3,1
1234.0,1603.0,0,5,3,1
1234.0,1623.0,0,5,3,1
1234.0,1643.0,0,5,3,1
1234.0,1663.0,0,5,3,1
1234.0,1683.0,0,5,3,1
1234.0,1703.0,0,5,3,1
1234.0,1723.0,0,5,3,1
1234.0,1743.0,0,5,3,1
1233.0,1745.0,0,5,3,1
1233.0,1746.0,0,5,3,1
1232.0,1747.0,0,5,3,1
1231.0,1749.0,0,5,3,1
1231.0,1750.0,0,5,3,1
1230.0,1752.0,0,5,3,1
1229.0,1754.0,0,5,3,1
1228.0,1754.0,0,5,3,1
1228.0,1755.0,0,5,3,1
1227.0,1756.0,0,5,3,1
1227.0,1757.0,0,5,3,1
1226.0,1758.0,0,5,3,1
1225.0,1759.0,0,5,3,1
1224.0,1760.0,0,5,3,1
1223.0,1761.0,0,5,3,1
1222.0,1763.0,0,5,3,1
1221.0,1765.0,0,5,3,1
1220.0,1765.0,0,5,3,1
1217.0,1769.0,0,5,3,1
1217.0,1770.0,0,5,3,1
1216.0,1771.0,0,5,3,1
1215.0,1771.0,0,5,3,1
1214.0,1772.0,0,5,3,1
1214.0,1773.0,0,5,3,1
1213.0,1773.0,0,5,3,1
1213.0,1774.0,0,5,3,1
1212.0,1775.0,0,5,3,1
60,91,61,92,0
1210.0,1845.0,0,3,0,1
1209.0,1841.0,0,3,0,1
1209.0,1839.0,0,3,0,1
1208.0,1830.0,0,3,0,1
1208.0,1825.0,0,3,0,1
1208.0,1824.0,0,3,0,1
1208.0,1821.0,0,3,0,1
1207.0,1820.0,0,3,0,1
1206.0,1815.0,0,3,0,1
1206.0,1811.0,0,3,0,1
1206.0,1805.0,0,3,0,1
1206.0,1803.0,0,3,0,1
1206.0,1800.0,0,3,0,1
1206.0,1799.0,0,3,0,1
1206.0,1798.0,0,3,0,1
1206.0,1797.0,0,3,0,1
1206.0,1796.0,0,3,0,1
1206.0,1795.0,0,3,0,1
1206.0,1793.0,0,3,0,1
1206.0,1792.0,0,3,0,1
1206.0,1791.0,0,3,0,1
1206.0,1788.0,0,3,0,1
1207.0,1785.0,0,3,0,1
1208.0,1784.0,0,3,0,1
1208.0,1783.0,0,3,0,1
1209.0,1779.0,0,3,0,1
1212.0,1772.0,0,3,0,1
1213.0,1770.0,0,3,0,1
1213.0,1769.0,0,3,0,1
1215.0,1764.0,0,3,0,1
1217.0,1759.0,0,3,0,1
1219.0,1755.0,0,3,0,1
1221.0,1751.0,0,3,0,1
1222.0,1745.0,0,3,0,1
1223.0,1739.0,0,3,0,1
1223.0,1736.0,0,3,0,1
1224.0,1733.0,0,3,0,1
1224.0,1729.0,0,3,0,1
1224.0,1727.0,0,3,0,1
1226.0,1716.0,0,3,0,1
1226.0,1714.0,0,3,0,1
1227.0,1709.0,0,3,0,1
1227.0,1707.0,0,3,0,1
1227.0,1700.0,0,3,0,1
1227.0,1693.0,0,3,0,1
1227.0,1690.0,0,3,0,1
1227.0,1685.0,0,3,0,1
1227.0,1679.0,0,3,0,1
1225.0,1671.0,0,3,0,1
1224.0,1667.0,0,3,0,1
1224.0,1665.0,0,3,0,1
1224.0,1661.0,0,3,0,1
1224.0,1658.0,0,3,0,1
1224.0,1657.0,0,3,0,1
1224.0,1656.0,0,3,0,1
1224.0,1653.0,0,3,0,1
1224.0,1651.0,0,3,0,1
1224.0,1649.0,0,3,0,1
1224.0,1646.0,0,3,0,1
1224.0,1644.0,0,3,0,1
1225.0,1642.0,0,3,0,1
1225.0,1638.0,0,3,0,1
1225.0,1637.0,0,3,0,1
1221.0,1592.0,0,3,0,1
1221.0,1590.0,0,3,0,1
1221.0,1588.0,0,3,0,1
1221.0,1585.0,0,3,0,1
1221.0,1579.0,0,3,0,1
1221.0,1577.0,0,3,0,1
1221.0,1569.0,0,3,0,1
1222.0,1560.0,0,3,0,1
1223.0,1555.0,0,3,0,1
1224.0,1549.0,0,3,0,1
1226.0,1540.0,0,3,0,1
1227.0,1537.0,0,3,0,1
1227.0,1532.0,0,3,0,1
1227.0,1529.0,0,3,0,1
1229.0,1521.0,0,3,0,1
1229.0,1519.0,0,3,0,1
1230.0,1510.0,0,3,0,1
1230.0,1507.0,0,3,0,1
1230.0,1499.0,0,3,0,1
1230.0,1491.0,0,3,0,1
1230.0,1486.0,0,3,0,1
1230.0,1478.0,0,3,0,1
1229.0,1471.0,0,3,0,1
1229.0,1468.0,0,3,0,1
1229.0,1466.0,0,3,0,1
1229.0,1464.0,0,3,0,1
1229.0,1461.0,0,3,0,1
1229.0,1457.0,0,3,0,1
1229.0,1455.0,0,3,0,1
1230.0,1449.0,0,3,0,1
1231.0,1447.0,0,3,0,1
1232.0,1444.0,0,3,0,1
1233.0,1440.0,0,3,0,1
1233.0,1438.0,0,3,0,1
1234.0,1435.0,0,3,0,1
1235.0,1432.0,0,3,0,1
1235.0,1428.0,0,3,0,1
1236.0,1423.0,0,3,0,1
1238.0,1418.0,0,3,0,1
1238.0,1416.0,0,3,0,1
1239.0,1413.0,0,3,0,1
1239.0,1412.0,0,3,0,1
1240.0,1411.0,0,3,0,1
1240.0,1410.0,0,3,0,1
1241.0,1407.0,0,3,0,1
1242.0,1401.0,0,3,0,1
1245.0,1389.0,0,3,0,1
1247.0,1386.0,0,3,0,1
1248.0,1382.0,0,3,0,1
1249.0,1377.0,0,3,0,1
1251.0,1369.0,0,3,0,1
1251.0,1362.0,0,3,0,1
1254.0,1351.0,0,3,0,1
1255.0,1349.0,0,3,0,1
1255.0,1345.0,0,3,0,1
1256.0,1343.0,0,3,0,1
1258.0,1338.0,0,3,0,1
1259.0,1335.0,0,3,0,1
1260.0,1334.0,0,3,0,1
1260.0,1330.0,0,3,0,1
1261.0,1327.0,0,3,0,1
1261.0,1325.0,0,3,0,1
1261.0,1324.0,0,3,0,1
1261.0,1321.0,0,3,0,1
1262.0,1318.0,0,3,0,1
1262.0,1316.0,0,3,0,1
1262.0,1315.0,0,3,0,1
1262.0,1314.0,0,3,0,1
1247.0,1107.0,0,3,0,1
1247.0,1108.0,0,3,0,1
1247.0,1112.0,0,3,0,1
1247.0,1113.0,0,3,0,1
1247.0,1117.0,0,3,0,1
1247.0,1118.0,0,3,0,1
1247.0,1123.0,0,3,0,1
1247.0,1125.0,0,3,0,1
1247.0,1126.0,0,3,0,1
1247.0,1127.0,0,3,0,1
1247.0,1129.0,0,3,0,1
1247.0,1132.0,0,3,0,1
1247.0,1135.0,0,3,0,1
1247.0,1138.0,0,3,0,1
1247.0,1140.0,0,3,0,1
1247.0,1145.0,0,3,0,1
1247.0,1150.0,0,3,0,1
1247.0,1157.0,0,3,0,1
1247.0,1161.0,0,3,0,1
1247.0,1166.0,0,3,0,1
1247.0,1175.0,0,3,0,1
1247.0,1178.0,0,3,0,1
1247.0,1183.0,0,3,0,1
1247.0,1185.0,0,3,0,1
1248.0,1201.0,0,3,0,1
1248.0,1204.0,0,3,0,1
1248.0,1211.0,0,3,0,1
1248.0,1213.0,0,3,0,1
1248.0,1225.0,0,3,0,1
1248.0,1232.0,0,3,0,1
1248.0,1239.0,0,3,0,1
1248.0,1245.0,0,3,0,1
1248.0,1249.0,0,3,0,1
1248.0,1255.0,0,3,0,1
1248.0,1258.0,0,3,0,1
1248.0,1259.0,0,3,0,1
1248.0,1263.0,0,3,0,1
1248.0,1266.0,0,3,0,1
1248.0,1270.0,0,3,0,1
1248.0,1271.0,0,3,0,1
1248.0,1275.0,0,3,0,1
1248.0,1278.0,0,3,0,1
1248.0,1280.0,0,3,0,1
1248.0,1283.0,0,3,0,1
1248.0,1288.0,0,3,0,1
1247.0,1300.0,0,3,0,1
1247.0,1307.0,0,3,0,1
1247.0,1310.0,0,3,0,1
1247.0,1311.0,0,3,0,1
1247.0,1312.0,0,3,0,1
1833.0,1490.0,0,3,0,1
1865.0,1486.0,0,3,0,1
1923.0,1479.0,0,3,0,1
1941.0,1478.0,0,3,0,1
1969.0,1476.0,0,3,0,1
1988.0,1475.0,0,3,0,1
2023.0,1470.0,0,3,0,1
2050.0,1466.0,0,3,0,1
2060.0,1463.0,0,3,0,1
2076.0,1461.0,0,3,0,1
2103.0,1452.0,0,3,0,1
2160.0,1429.0,0,3,0,1
2191.0,1412.0,0,3,0,1
2209.0,1402.0,0,3,0,1
2225.0,1393.0,0,3,0,1
2271.0,1366.0,0,3,0,1
2303.0,1347.0,0,3,0,1
2316.0,1339.0,0,3,0,1
2336.0,1325.0,0,3,0,1
2344.0,1321.0,0,3,0,1
2355.0,1315.0,0,3,0,1
2368.0,1307.0,0,3,0,1
2370.0,1306.0,0,3,0,1
2371.0,1306.0,0,3,0,1
2371.0,1305.0,0,3,0,1
2391.0,1305.0,0,3,0,1
2109.0,1522.0,0,3,0,1
2117.0,1528.0,0,3,0,1
2124.0,1531.0,0,3,0,1
2130.0,1536.0,0,3,0,1
2136.0,1539.0,0,3,0,1
2158.0,1553.0,0,3,0,1
2179.0,1572.0,0,3,0,1
2203.0,1600.0,0,3,0,1
2229.0,1635.0,0,3,0,1
2269.0,1694.0,0,3,0,1
2307.0,1745.0,0,3,0,1
2338.0,1783.0,0,3,0,1
2374.0,1817.0,0,3,0,1
2395.0,1837.0,0,3,0,1
2407.0,1850.0,0,3,0,1
2426.0,1865.0,0,3,0,1
2429.0,1866.0,0,3,0,1
2430.0,1867.0,0,3,0,1
0,0,0,0,-2
13,10,0,0,4
53,52,0,0,5
59,154,0,0,5
121,93,0,0,5
121,93,0,0,6
121,93,0,0,5
VickyD,0,0,0,-4
