281.0,214.0,0,5,0,1
280.0,215.0,0,5,0,1
279.0,216.0,0,5,0,1
279.0,218.0,0,5,0,1
278.0,221.0,0,5,0,1
276.0,226.0,0,5,0,1
275.0,228.0,0,5,0,1
274.0,233.0,0,5,0,1
273.0,237.0,0,5,0,1
273.0,241.0,0,5,0,1
273.0,244.0,0,5,0,1
271.0,249.0,0,5,0,1
270.0,255.0,0,5,0,1
269.0,259.0,0,5,0,1
268.0,262.0,0,5,0,1
267.0,268.0,0,5,0,1
267.0,271.0,0,5,0,1
267.0,275.0,0,5,0,1
266.0,278.0,0,5,0,1
266.0,281.0,0,5,0,1
266.0,284.0,0,5,0,1
266.0,287.0,0,5,0,1
266.0,289.0,0,5,0,1
266.0,292.0,0,5,0,1
266.0,295.0,0,5,0,1
266.0,297.0,0,5,0,1
266.0,301.0,0,5,0,1
266.0,304.0,0,5,0,1
266.0,307.0,0,5,0,1
266.0,310.0,0,5,0,1
266.0,315.0,0,5,0,1
267.0,318.0,0,5,0,1
268.0,320.0,0,5,0,1
269.0,324.0,0,5,0,1
270.0,327.0,0,5,0,1
270.0,332.0,0,5,0,1
270.0,336.0,0,5,0,1
271.0,341.0,0,5,0,1
272.0,344.0,0,5,0,1
273.0,347.0,0,5,0,1
274.0,355.0,0,5,0,1
275.0,357.0,0,5,0,1
276.0,360.0,0,5,0,1
277.0,367.0,0,5,0,1
278.0,373.0,0,5,0,1
280.0,379.0,0,5,0,1
281.0,384.0,0,5,0,1
283.0,394.0,0,5,0,1
285.0,403.0,0,5,0,1
288.0,407.0,0,5,0,1
291.0,415.0,0,5,0,1
291.0,420.0,0,5,0,1
293.0,425.0,0,5,0,1
294.0,431.0,0,5,0,1
297.0,438.0,0,5,0,1
299.0,443.0,0,5,0,1
301.0,450.0,0,5,0,1
304.0,457.0,0,5,0,1
307.0,462.0,0,5,0,1
309.0,468.0,0,5,0,1
312.0,472.0,0,5,0,1
314.0,477.0,0,5,0,1
316.0,481.0,0,5,0,1
319.0,488.0,0,5,0,1
321.0,491.0,0,5,0,1
324.0,496.0,0,5,0,1
327.0,501.0,0,5,0,1
330.0,506.0,0,5,0,1
333.0,509.0,0,5,0,1
335.0,512.0,0,5,0,1
338.0,516.0,0,5,0,1
342.0,520.0,0,5,0,1
344.0,523.0,0,5,0,1
346.0,525.0,0,5,0,1
350.0,528.0,0,5,0,1
354.0,531.0,0,5,0,1
356.0,533.0,0,5,0,1
359.0,536.0,0,5,0,1
362.0,539.0,0,5,0,1
364.0,541.0,0,5,0,1
367.0,545.0,0,5,0,1
370.0,548.0,0,5,0,1
374.0,551.0,0,5,0,1
376.0,553.0,0,5,0,1
381.0,556.0,0,5,0,1
385.0,560.0,0,5,0,1
388.0,563.0,0,5,0,1
391.0,565.0,0,5,0,1
393.0,566.0,0,5,0,1
398.0,570.0,0,5,0,1
401.0,574.0,0,5,0,1
404.0,575.0,0,5,0,1
405.0,576.0,0,5,0,1
409.0,579.0,0,5,0,1
414.0,580.0,0,5,0,1
419.0,583.0,0,5,0,1
425.0,586.0,0,5,0,1
430.0,589.0,0,5,0,1
437.0,592.0,0,5,0,1
444.0,594.0,0,5,0,1
450.0,596.0,0,5,0,1
456.0,597.0,0,5,0,1
462.0,599.0,0,5,0,1
470.0,600.0,0,5,0,1
478.0,601.0,0,5,0,1
487.0,601.0,0,5,0,1
492.0,602.0,0,5,0,1
499.0,602.0,0,5,0,1
508.0,602.0,0,5,0,1
513.0,602.0,0,5,0,1
520.0,602.0,0,5,0,1
526.0,602.0,0,5,0,1
531.0,602.0,0,5,0,1
537.0,601.0,0,5,0,1
542.0,600.0,0,5,0,1
548.0,597.0,0,5,0,1
552.0,595.0,0,5,0,1
556.0,593.0,0,5,0,1
562.0,588.0,0,5,0,1
567.0,584.0,0,5,0,1
570.0,581.0,0,5,0,1
575.0,577.0,0,5,0,1
579.0,572.0,0,5,0,1
582.0,570.0,0,5,0,1
585.0,566.0,0,5,0,1
588.0,564.0,0,5,0,1
589.0,562.0,0,5,0,1
592.0,558.0,0,5,0,1
594.0,554.0,0,5,0,1
599.0,551.0,0,5,0,1
602.0,548.0,0,5,0,1
605.0,542.0,0,5,0,1
609.0,537.0,0,5,0,1
613.0,531.0,0,5,0,1
616.0,525.0,0,5,0,1
620.0,519.0,0,5,0,1
623.0,513.0,0,5,0,1
626.0,504.0,0,5,0,1
628.0,500.0,0,5,0,1
632.0,492.0,0,5,0,1
633.0,488.0,0,5,0,1
636.0,483.0,0,5,0,1
638.0,481.0,0,5,0,1
640.0,475.0,0,5,0,1
642.0,473.0,0,5,0,1
644.0,469.0,0,5,0,1
646.0,465.0,0,5,0,1
648.0,462.0,0,5,0,1
649.0,458.0,0,5,0,1
651.0,455.0,0,5,0,1
651.0,451.0,0,5,0,1
653.0,445.0,0,5,0,1
654.0,442.0,0,5,0,1
656.0,433.0,0,5,0,1
657.0,426.0,0,5,0,1
658.0,420.0,0,5,0,1
658.0,415.0,0,5,0,1
661.0,410.0,0,5,0,1
661.0,406.0,0,5,0,1
662.0,399.0,0,5,0,1
663.0,394.0,0,5,0,1
664.0,390.0,0,5,0,1
664.0,387.0,0,5,0,1
665.0,383.0,0,5,0,1
666.0,378.0,0,5,0,1
667.0,374.0,0,5,0,1
667.0,368.0,0,5,0,1
668.0,363.0,0,5,0,1
669.0,359.0,0,5,0,1
669.0,353.0,0,5,0,1
671.0,349.0,0,5,0,1
671.0,345.0,0,5,0,1
672.0,340.0,0,5,0,1
672.0,336.0,0,5,0,1
673.0,331.0,0,5,0,1
673.0,327.0,0,5,0,1
674.0,322.0,0,5,0,1
674.0,318.0,0,5,0,1
675.0,314.0,0,5,0,1
675.0,309.0,0,5,0,1
675.0,303.0,0,5,0,1
675.0,299.0,0,5,0,1
675.0,292.0,0,5,0,1
675.0,288.0,0,5,0,1
675.0,284.0,0,5,0,1
675.0,277.0,0,5,0,1
675.0,274.0,0,5,0,1
675.0,270.0,0,5,0,1
675.0,266.0,0,5,0,1
675.0,261.0,0,5,0,1
675.0,258.0,0,5,0,1
675.0,255.0,0,5,0,1
675.0,252.0,0,5,0,1
675.0,249.0,0,5,0,1
675.0,247.0,0,5,0,1
675.0,243.0,0,5,0,1
675.0,241.0,0,5,0,1
675.0,236.0,0,5,0,1
675.0,235.0,0,5,0,1
675.0,232.0,0,5,0,1
674.0,231.0,0,5,0,1
674.0,228.0,0,5,0,1
674.0,227.0,0,5,0,1
674.0,225.0,0,5,0,1
674.0,223.0,0,5,0,1
15,24,0,0,-2
14,10,0,0,4
34,25,0,0,-3
34,11,0,0,7
391.0,482.0,0,5,0,1
395.0,481.0,0,5,0,1
400.0,480.0,0,5,0,1
407.0,479.0,0,5,0,1
412.0,477.0,0,5,0,1
418.0,477.0,0,5,0,1
424.0,476.0,0,5,0,1
433.0,474.0,0,5,0,1
442.0,473.0,0,5,0,1
452.0,471.0,0,5,0,1
459.0,471.0,0,5,0,1
468.0,469.0,0,5,0,1
472.0,467.0,0,5,0,1
476.0,467.0,0,5,0,1
480.0,466.0,0,5,0,1
482.0,466.0,0,5,0,1
484.0,465.0,0,5,0,1
485.0,465.0,0,5,0,1
486.0,465.0,0,5,0,1
487.0,465.0,0,5,0,1
488.0,465.0,0,5,0,1
490.0,465.0,0,5,0,1
492.0,465.0,0,5,0,1
494.0,465.0,0,5,0,1
496.0,465.0,0,5,0,1
498.0,465.0,0,5,0,1
500.0,465.0,0,5,0,1
502.0,465.0,0,5,0,1
504.0,465.0,0,5,0,1
505.0,465.0,0,5,0,1
506.0,465.0,0,5,0,1
509.0,465.0,0,5,0,1
511.0,465.0,0,5,0,1
514.0,465.0,0,5,0,1
516.0,465.0,0,5,0,1
521.0,465.0,0,5,0,1
524.0,465.0,0,5,0,1
529.0,465.0,0,5,0,1
531.0,465.0,0,5,0,1
533.0,465.0,0,5,0,1
534.0,465.0,0,5,0,1
535.0,465.0,0,5,0,1
,0,0,0,-4
,0,0,0,-4
639.0,559.0,0,5,0,1
640.0,558.0,0,5,0,1
642.0,558.0,0,5,0,1
646.0,558.0,0,5,0,1
649.0,558.0,0,5,0,1
655.0,558.0,0,5,0,1
662.0,558.0,0,5,0,1
665.0,558.0,0,5,0,1
669.0,558.0,0,5,0,1
673.0,558.0,0,5,0,1
679.0,559.0,0,5,0,1
683.0,559.0,0,5,0,1
688.0,560.0,0,5,0,1
692.0,562.0,0,5,0,1
698.0,565.0,0,5,0,1
703.0,566.0,0,5,0,1
706.0,568.0,0,5,0,1
711.0,569.0,0,5,0,1
715.0,570.0,0,5,0,1
720.0,571.0,0,5,0,1
723.0,571.0,0,5,0,1
728.0,573.0,0,5,0,1
734.0,574.0,0,5,0,1
741.0,575.0,0,5,0,1
747.0,576.0,0,5,0,1
753.0,577.0,0,5,0,1
758.0,579.0,0,5,0,1
762.0,581.0,0,5,0,1
764.0,581.0,0,5,0,1
768.0,583.0,0,5,0,1
771.0,583.0,0,5,0,1
775.0,585.0,0,5,0,1
777.0,585.0,0,5,0,1
779.0,586.0,0,5,0,1
782.0,588.0,0,5,0,1
783.0,588.0,0,5,0,1
784.0,588.0,0,5,0,1
785.0,590.0,0,5,0,1
789.0,592.0,0,5,0,1
790.0,592.0,0,5,0,1
792.0,595.0,0,5,0,1
796.0,596.0,0,5,0,1
799.0,598.0,0,5,0,1
801.0,599.0,0,5,0,1
805.0,600.0,0,5,0,1
806.0,601.0,0,5,0,1
808.0,603.0,0,5,0,1
809.0,603.0,0,5,0,1
811.0,603.0,0,5,0,1
812.0,604.0,0,5,0,1
813.0,605.0,0,5,0,1
814.0,605.0,0,5,0,1
815.0,606.0,0,5,0,1
817.0,608.0,0,5,0,1
819.0,610.0,0,5,0,1
820.0,610.0,0,5,0,1
821.0,612.0,0,5,0,1
823.0,613.0,0,5,0,1
825.0,615.0,0,5,0,1
826.0,615.0,0,5,0,1
828.0,617.0,0,5,0,1
829.0,619.0,0,5,0,1
831.0,620.0,0,5,0,1
833.0,621.0,0,5,0,1
835.0,623.0,0,5,0,1
837.0,623.0,0,5,0,1
838.0,624.0,0,5,0,1
839.0,625.0,0,5,0,1
840.0,625.0,0,5,0,1
841.0,625.0,0,5,0,1
842.0,626.0,0,5,0,1
843.0,626.0,0,5,0,1
832.0,608.0,0,5,0,1
834.0,608.0,0,5,0,1
835.0,608.0,0,5,0,1
838.0,611.0,0,5,0,1
840.0,612.0,0,5,0,1
841.0,613.0,0,5,0,1
843.0,614.0,0,5,0,1
844.0,614.0,0,5,0,1
846.0,616.0,0,5,0,1
848.0,618.0,0,5,0,1
851.0,619.0,0,5,0,1
854.0,620.0,0,5,0,1
860.0,623.0,0,5,0,1
865.0,624.0,0,5,0,1
873.0,626.0,0,5,0,1
877.0,626.0,0,5,0,1
885.0,629.0,0,5,0,1
889.0,629.0,0,5,0,1
894.0,632.0,0,5,0,1
902.0,633.0,0,5,0,1
908.0,634.0,0,5,0,1
914.0,636.0,0,5,0,1
921.0,638.0,0,5,0,1
926.0,638.0,0,5,0,1
936.0,639.0,0,5,0,1
944.0,639.0,0,5,0,1
954.0,639.0,0,5,0,1
962.0,639.0,0,5,0,1
966.0,639.0,0,5,0,1
978.0,636.0,0,5,0,1
986.0,631.0,0,5,0,1
994.0,627.0,0,5,0,1
1000.0,621.0,0,5,0,1
1009.0,615.0,0,5,0,1
1012.0,610.0,0,5,0,1
1016.0,605.0,0,5,0,1
1020.0,599.0,0,5,0,1
1024.0,592.0,0,5,0,1
1027.0,586.0,0,5,0,1
1033.0,574.0,0,5,0,1
1040.0,563.0,0,5,0,1
1046.0,548.0,0,5,0,1
1050.0,536.0,0,5,0,1
1056.0,524.0,0,5,0,1
1061.0,508.0,0,5,0,1
1069.0,486.0,0,5,0,1
1075.0,461.0,0,5,0,1
1080.0,446.0,0,5,0,1
1085.0,434.0,0,5,0,1
1089.0,420.0,0,5,0,1
1092.0,407.0,0,5,0,1
1094.0,395.0,0,5,0,1
1097.0,381.0,0,5,0,1
1099.0,369.0,0,5,0,1
1099.0,357.0,0,5,0,1
1099.0,346.0,0,5,0,1
1102.0,336.0,0,5,0,1
1102.0,325.0,0,5,0,1
1102.0,317.0,0,5,0,1
1102.0,308.0,0,5,0,1
1102.0,300.0,0,5,0,1
1102.0,288.0,0,5,0,1
1101.0,280.0,0,5,0,1
1098.0,270.0,0,5,0,1
1095.0,262.0,0,5,0,1
1089.0,250.0,0,5,0,1
1084.0,242.0,0,5,0,1
1078.0,231.0,0,5,0,1
1071.0,218.0,0,5,0,1
1063.0,206.0,0,5,0,1
1056.0,195.0,0,5,0,1
1046.0,184.0,0,5,0,1
1033.0,170.0,0,5,0,1
1023.0,160.0,0,5,0,1
1013.0,152.0,0,5,0,1
1003.0,145.0,0,5,0,1
992.0,137.0,0,5,0,1
984.0,133.0,0,5,0,1
977.0,128.0,0,5,0,1
969.0,122.0,0,5,0,1
962.0,119.0,0,5,0,1
956.0,116.0,0,5,0,1
951.0,113.0,0,5,0,1
944.0,110.0,0,5,0,1
936.0,107.0,0,5,0,1
930.0,104.0,0,5,0,1
924.0,102.0,0,5,0,1
921.0,101.0,0,5,0,1
915.0,99.0,0,5,0,1
909.0,97.0,0,5,0,1
905.0,96.0,0,5,0,1
902.0,96.0,0,5,0,1
896.0,94.0,0,5,0,1
894.0,94.0,0,5,0,1
891.0,93.0,0,5,0,1
888.0,93.0,0,5,0,1
883.0,92.0,0,5,0,1
881.0,91.0,0,5,0,1
877.0,91.0,0,5,0,1
873.0,89.0,0,5,0,1
869.0,89.0,0,5,0,1
866.0,89.0,0,5,0,1
863.0,89.0,0,5,0,1
859.0,89.0,0,5,0,1
855.0,89.0,0,5,0,1
849.0,89.0,0,5,0,1
847.0,89.0,0,5,0,1
844.0,89.0,0,5,0,1
842.0,89.0,0,5,0,1
840.0,89.0,0,5,0,1
839.0,89.0,0,5,0,1
837.0,89.0,0,5,0,1
834.0,89.0,0,5,0,1
833.0,89.0,0,5,0,1
830.0,90.0,0,5,0,1
828.0,90.0,0,5,0,1
827.0,91.0,0,5,0,1
825.0,91.0,0,5,0,1
822.0,93.0,0,5,0,1
820.0,94.0,0,5,0,1
817.0,94.0,0,5,0,1
816.0,95.0,0,5,0,1
812.0,97.0,0,5,0,1
809.0,98.0,0,5,0,1
807.0,98.0,0,5,0,1
806.0,99.0,0,5,0,1
802.0,99.0,0,5,0,1
799.0,100.0,0,5,0,1
797.0,103.0,0,5,0,1
796.0,103.0,0,5,0,1
794.0,103.0,0,5,0,1
794.0,104.0,0,5,0,1
792.0,104.0,0,5,0,1
791.0,104.0,0,5,0,1
790.0,104.0,0,5,0,1
788.0,104.0,0,5,0,1
787.0,104.0,0,5,0,1
786.0,104.0,0,5,0,1
785.0,105.0,0,5,0,1
783.0,105.0,0,5,0,1
782.0,106.0,0,5,0,1
577.0,337.0,0,4,2,1
581.0,338.0,0,4,2,1
583.0,339.0,0,4,2,1
586.0,340.0,0,4,2,1
589.0,340.0,0,4,2,1
592.0,341.0,0,4,2,1
596.0,342.0,0,4,2,1
601.0,343.0,0,4,2,1
603.0,343.0,0,4,2,1
604.0,343.0,0,4,2,1
606.0,343.0,0,4,2,1
606.0,344.0,0,4,2,1
607.0,345.0,0,4,2,1
610.0,345.0,0,4,2,1
610.0,346.0,0,4,2,1
611.0,346.0,0,4,2,1
613.0,347.0,0,4,2,1
614.0,347.0,0,4,2,1
615.0,347.0,0,4,2,1
617.0,347.0,0,4,2,1
620.0,348.0,0,4,2,1
621.0,349.0,0,4,2,1
624.0,349.0,0,4,2,1
626.0,349.0,0,4,2,1
628.0,350.0,0,4,2,1
629.0,351.0,0,4,2,1
630.0,351.0,0,4,2,1
632.0,352.0,0,4,2,1
632.0,353.0,0,4,2,1
633.0,353.0,0,4,2,1
634.0,354.0,0,4,2,1
635.0,355.0,0,4,2,1
636.0,355.0,0,4,2,1
638.0,356.0,0,4,2,1
641.0,357.0,0,4,2,1
643.0,358.0,0,4,2,1
644.0,358.0,0,4,2,1
647.0,359.0,0,4,2,1
649.0,359.0,0,4,2,1
654.0,360.0,0,4,2,1
658.0,362.0,0,4,2,1
661.0,363.0,0,4,2,1
666.0,363.0,0,4,2,1
669.0,367.0,0,4,2,1
672.0,367.0,0,4,2,1
676.0,367.0,0,4,2,1
680.0,369.0,0,4,2,1
683.0,369.0,0,4,2,1
685.0,369.0,0,4,2,1
686.0,370.0,0,4,2,1
687.0,370.0,0,4,2,1
689.0,371.0,0,4,2,1
691.0,371.0,0,4,2,1
692.0,371.0,0,4,2,1
694.0,372.0,0,4,2,1
695.0,373.0,0,4,2,1
696.0,373.0,0,4,2,1
699.0,373.0,0,4,2,1
700.0,374.0,0,4,2,1
702.0,375.0,0,4,2,1
703.0,375.0,0,4,2,1
704.0,375.0,0,4,2,1
705.0,375.0,0,4,2,1
706.0,376.0,0,4,2,1
708.0,377.0,0,4,2,1
708.0,378.0,0,4,2,1
709.0,378.0,0,4,2,1
712.0,380.0,0,4,2,1
713.0,382.0,0,4,2,1
716.0,382.0,0,4,2,1
717.0,384.0,0,4,2,1
718.0,385.0,0,4,2,1
722.0,386.0,0,4,2,1
722.0,387.0,0,4,2,1
724.0,387.0,0,4,2,1
727.0,389.0,0,4,2,1
729.0,391.0,0,4,2,1
731.0,392.0,0,4,2,1
732.0,392.0,0,4,2,1
732.0,393.0,0,4,2,1
734.0,394.0,0,4,2,1
736.0,395.0,0,4,2,1
737.0,396.0,0,4,2,1
738.0,397.0,0,4,2,1
739.0,397.0,0,4,2,1
,0,0,0,-4
,0,0,0,-4
